# Nodes
node 16 0.014041700164018955
node 21 0.0011428193144282783
node 30 0.03167558210672761
node 93 0.04523406786561235
node 98 0.026696794662205203
node 105 0.036392037611485795
node 106 0.021636509855024078
node 113 0.022782575668658378
node 120 0.03672641895497908
node 122 0.03937870708469238
node 129 0.03216551088196749
node 143 0.03167616618818476
node 150 0.012436318829314397
node 153 0.04569649356841665
node 167 0.001524221856720187
node 177 0.049607898681399726
node 180 0.04677968595679827
node 206 0.0023575647193538884
node 229 0.01857432754559518
node 230 0.0406632736752609
node 236 0.04200453196734122
node 247 0.008897082049078797
node 254 0.041202949506209285
node 263 0.04825636228829444
node 278 0.040496517450836045
node 291 0.007851005331251826
node 314 0.04210142789066196
node 341 0.035468261876012264
node 352 0.03941582937802879
node 354 0.04063202664590093
node 355 0.015285139969726802
node 383 0.00024069652516689466
node 399 0.035933833430188966
node 410 0.04703291581184044
node 413 0.03246546237394399
node 447 0.04464090542441246
node 471 0.03070084595190614
node 474 0.030134234552269934
node 481 0.029377507756986443
node 483 0.009964241312966027
node 493 0.007184567252270457
node 495 0.024650014436155776
node 497 0.03535353682048197
node 516 0.025702630854786218
node 523 0.04625567690264132
node 525 0.020549620641776678
node 543 0.00884103559915903
node 564 0.0018431606156659175
node 567 0.007776649435864202
node 583 0.040547125043371324
node 594 0.03545096569102746
node 604 0.006656384739426659
node 634 0.025546799267838538
node 637 0.010110093997603875
node 644 0.006423453698145676
node 645 0.041177862257898545
node 675 0.04979326505826487
node 680 0.02181605055234653
node 702 0.04380725363309168
node 704 0.0038745499388105342
node 721 0.04435252539911694
node 734 0.04450290132920964
node 739 0.04746853498479808
node 754 0.039351686529191854
node 804 0.025286397427288332
node 809 0.023962663612717865
node 828 0.012635498930738787
node 844 0.03828786548344276
node 858 0.021987210892938758
node 860 0.024564677785836264
node 861 0.04496324071616853
node 873 0.046552458709366085
node 883 0.041939046716157
node 887 0.0031101144891549914
node 895 0.01178485910408214
node 897 0.021975308333072263
node 913 0.027267185045511733
node 915 0.03631604832667812
node 938 0.02068376744575562
node 940 0.03427354435563068
node 964 0.009092126674448586
node 974 0.0010127930964535237
node 976 0.043601382090813434
# Edges
edge 16 21 1
edge 16 30 1
edge 16 93 1
edge 16 98 1
edge 16 105 1
edge 16 106 1
edge 16 113 1
edge 16 120 1
edge 16 122 1
edge 16 129 1
edge 16 143 1
edge 16 150 1
edge 16 153 1
edge 16 167 1
edge 16 177 1
edge 16 180 1
edge 16 206 1
edge 16 229 1
edge 16 230 1
edge 16 236 1
edge 16 247 1
edge 16 254 1
edge 16 263 1
edge 16 278 1
edge 16 291 1
edge 16 314 1
edge 16 341 1
edge 16 352 1
edge 16 354 1
edge 16 355 1
edge 16 383 1
edge 16 399 1
edge 16 410 1
edge 16 413 1
edge 16 447 1
edge 16 471 1
edge 16 474 1
edge 16 481 1
edge 16 483 1
edge 16 493 1
edge 16 495 1
edge 16 497 1
edge 16 516 1
edge 16 523 1
edge 16 525 1
edge 16 543 1
edge 16 564 1
edge 16 567 1
edge 16 583 1
edge 16 594 1
edge 16 604 1
edge 16 634 1
edge 16 637 1
edge 16 644 1
edge 16 645 1
edge 16 675 1
edge 16 680 1
edge 16 702 1
edge 16 704 1
edge 16 721 1
edge 16 734 1
edge 16 739 1
edge 16 754 1
edge 16 804 1
edge 16 809 1
edge 16 828 1
edge 16 844 1
edge 16 858 1
edge 16 860 1
edge 16 861 1
edge 16 873 1
edge 16 883 1
edge 16 887 1
edge 16 895 1
edge 16 897 1
edge 16 913 1
edge 16 915 1
edge 16 938 1
edge 16 940 1
edge 16 964 1
edge 16 974 1
edge 16 976 1
edge 21 30 1
edge 21 93 1
edge 21 98 1
edge 21 105 1
edge 21 106 1
edge 21 113 1
edge 21 120 1
edge 21 122 1
edge 21 129 1
edge 21 143 1
edge 21 150 1
edge 21 153 1
edge 21 167 1
edge 21 177 1
edge 21 180 1
edge 21 206 1
edge 21 229 1
edge 21 230 1
edge 21 236 1
edge 21 247 1
edge 21 254 1
edge 21 263 1
edge 21 278 1
edge 21 291 1
edge 21 314 1
edge 21 341 1
edge 21 352 1
edge 21 354 1
edge 21 355 1
edge 21 383 1
edge 21 399 1
edge 21 410 1
edge 21 413 1
edge 21 447 1
edge 21 471 1
edge 21 474 1
edge 21 481 1
edge 21 483 1
edge 21 493 1
edge 21 495 1
edge 21 497 1
edge 21 516 1
edge 21 523 1
edge 21 525 1
edge 21 543 1
edge 21 564 1
edge 21 567 1
edge 21 583 1
edge 21 594 1
edge 21 604 1
edge 21 634 1
edge 21 637 1
edge 21 644 1
edge 21 645 1
edge 21 675 1
edge 21 680 1
edge 21 702 1
edge 21 704 1
edge 21 721 1
edge 21 734 1
edge 21 739 1
edge 21 754 1
edge 21 804 1
edge 21 809 1
edge 21 828 1
edge 21 844 1
edge 21 858 1
edge 21 860 1
edge 21 861 1
edge 21 873 1
edge 21 883 1
edge 21 887 1
edge 21 895 1
edge 21 897 1
edge 21 913 1
edge 21 915 1
edge 21 938 1
edge 21 940 1
edge 21 964 1
edge 21 974 1
edge 21 976 1
edge 30 93 1
edge 30 98 1
edge 30 105 1
edge 30 106 1
edge 30 113 1
edge 30 120 1
edge 30 122 1
edge 30 129 1
edge 30 143 1
edge 30 150 1
edge 30 153 1
edge 30 167 1
edge 30 177 1
edge 30 180 1
edge 30 206 1
edge 30 229 1
edge 30 230 1
edge 30 236 1
edge 30 247 1
edge 30 254 1
edge 30 263 1
edge 30 278 1
edge 30 291 1
edge 30 314 1
edge 30 341 1
edge 30 352 1
edge 30 354 1
edge 30 355 1
edge 30 383 1
edge 30 399 1
edge 30 410 1
edge 30 413 1
edge 30 447 1
edge 30 471 1
edge 30 474 1
edge 30 481 1
edge 30 483 1
edge 30 493 1
edge 30 495 1
edge 30 497 1
edge 30 516 1
edge 30 523 1
edge 30 525 1
edge 30 543 1
edge 30 564 1
edge 30 567 1
edge 30 583 1
edge 30 594 1
edge 30 604 1
edge 30 634 1
edge 30 637 1
edge 30 644 1
edge 30 645 1
edge 30 675 1
edge 30 680 1
edge 30 702 1
edge 30 704 1
edge 30 721 1
edge 30 734 1
edge 30 739 1
edge 30 754 1
edge 30 804 1
edge 30 809 1
edge 30 828 1
edge 30 844 1
edge 30 858 1
edge 30 860 1
edge 30 861 1
edge 30 873 1
edge 30 883 1
edge 30 887 1
edge 30 895 1
edge 30 897 1
edge 30 913 1
edge 30 915 1
edge 30 938 1
edge 30 940 1
edge 30 964 1
edge 30 974 1
edge 30 976 1
edge 93 98 1
edge 93 105 1
edge 93 106 1
edge 93 113 1
edge 93 120 1
edge 93 122 1
edge 93 129 1
edge 93 143 1
edge 93 150 1
edge 93 153 1
edge 93 167 1
edge 93 177 1
edge 93 180 1
edge 93 206 1
edge 93 229 1
edge 93 230 1
edge 93 236 1
edge 93 247 1
edge 93 254 1
edge 93 263 1
edge 93 278 1
edge 93 291 1
edge 93 314 1
edge 93 341 1
edge 93 352 1
edge 93 354 1
edge 93 355 1
edge 93 383 1
edge 93 399 1
edge 93 410 1
edge 93 413 1
edge 93 447 1
edge 93 471 1
edge 93 474 1
edge 93 481 1
edge 93 483 1
edge 93 493 1
edge 93 495 1
edge 93 497 1
edge 93 516 1
edge 93 523 1
edge 93 525 1
edge 93 543 1
edge 93 564 1
edge 93 567 1
edge 93 583 1
edge 93 594 1
edge 93 604 1
edge 93 634 1
edge 93 637 1
edge 93 644 1
edge 93 645 1
edge 93 675 1
edge 93 680 1
edge 93 702 1
edge 93 704 1
edge 93 721 1
edge 93 734 1
edge 93 739 1
edge 93 754 1
edge 93 804 1
edge 93 809 1
edge 93 828 1
edge 93 844 1
edge 93 858 1
edge 93 860 1
edge 93 861 1
edge 93 873 1
edge 93 883 1
edge 93 887 1
edge 93 895 1
edge 93 897 1
edge 93 913 1
edge 93 915 1
edge 93 938 1
edge 93 940 1
edge 93 964 1
edge 93 974 1
edge 93 976 1
edge 98 105 1
edge 98 106 1
edge 98 113 1
edge 98 120 1
edge 98 122 1
edge 98 129 1
edge 98 143 1
edge 98 150 1
edge 98 153 1
edge 98 167 1
edge 98 177 1
edge 98 180 1
edge 98 206 1
edge 98 229 1
edge 98 230 1
edge 98 236 1
edge 98 247 1
edge 98 254 1
edge 98 263 1
edge 98 278 1
edge 98 291 1
edge 98 314 1
edge 98 341 1
edge 98 352 1
edge 98 354 1
edge 98 355 1
edge 98 383 1
edge 98 399 1
edge 98 410 1
edge 98 413 1
edge 98 447 1
edge 98 471 1
edge 98 474 1
edge 98 481 1
edge 98 483 1
edge 98 493 1
edge 98 495 1
edge 98 497 1
edge 98 516 1
edge 98 523 1
edge 98 525 1
edge 98 543 1
edge 98 564 1
edge 98 567 1
edge 98 583 1
edge 98 594 1
edge 98 604 1
edge 98 634 1
edge 98 637 1
edge 98 644 1
edge 98 645 1
edge 98 675 1
edge 98 680 1
edge 98 702 1
edge 98 704 1
edge 98 721 1
edge 98 734 1
edge 98 739 1
edge 98 754 1
edge 98 804 1
edge 98 809 1
edge 98 828 1
edge 98 844 1
edge 98 858 1
edge 98 860 1
edge 98 861 1
edge 98 873 1
edge 98 883 1
edge 98 887 1
edge 98 895 1
edge 98 897 1
edge 98 913 1
edge 98 915 1
edge 98 938 1
edge 98 940 1
edge 98 964 1
edge 98 974 1
edge 98 976 1
edge 105 106 1
edge 105 113 1
edge 105 120 1
edge 105 122 1
edge 105 129 1
edge 105 143 1
edge 105 150 1
edge 105 153 1
edge 105 167 1
edge 105 177 1
edge 105 180 1
edge 105 206 1
edge 105 229 1
edge 105 230 1
edge 105 236 1
edge 105 247 1
edge 105 254 1
edge 105 263 1
edge 105 278 1
edge 105 291 1
edge 105 314 1
edge 105 341 1
edge 105 352 1
edge 105 354 1
edge 105 355 1
edge 105 383 1
edge 105 399 1
edge 105 410 1
edge 105 413 1
edge 105 447 1
edge 105 471 1
edge 105 474 1
edge 105 481 1
edge 105 483 1
edge 105 493 1
edge 105 495 1
edge 105 497 1
edge 105 516 1
edge 105 523 1
edge 105 525 1
edge 105 543 1
edge 105 564 1
edge 105 567 1
edge 105 583 1
edge 105 594 1
edge 105 604 1
edge 105 634 1
edge 105 637 1
edge 105 644 1
edge 105 645 1
edge 105 675 1
edge 105 680 1
edge 105 702 1
edge 105 704 1
edge 105 721 1
edge 105 734 1
edge 105 739 1
edge 105 754 1
edge 105 804 1
edge 105 809 1
edge 105 828 1
edge 105 844 1
edge 105 858 1
edge 105 860 1
edge 105 861 1
edge 105 873 1
edge 105 883 1
edge 105 887 1
edge 105 895 1
edge 105 897 1
edge 105 913 1
edge 105 915 1
edge 105 938 1
edge 105 940 1
edge 105 964 1
edge 105 974 1
edge 105 976 1
edge 106 113 1
edge 106 120 1
edge 106 122 1
edge 106 129 1
edge 106 143 1
edge 106 150 1
edge 106 153 1
edge 106 167 1
edge 106 177 1
edge 106 180 1
edge 106 206 1
edge 106 229 1
edge 106 230 1
edge 106 236 1
edge 106 247 1
edge 106 254 1
edge 106 263 1
edge 106 278 1
edge 106 291 1
edge 106 314 1
edge 106 341 1
edge 106 352 1
edge 106 354 1
edge 106 355 1
edge 106 383 1
edge 106 399 1
edge 106 410 1
edge 106 413 1
edge 106 447 1
edge 106 471 1
edge 106 474 1
edge 106 481 1
edge 106 483 1
edge 106 493 1
edge 106 495 1
edge 106 497 1
edge 106 516 1
edge 106 523 1
edge 106 525 1
edge 106 543 1
edge 106 564 1
edge 106 567 1
edge 106 583 1
edge 106 594 1
edge 106 604 1
edge 106 634 1
edge 106 637 1
edge 106 644 1
edge 106 645 1
edge 106 675 1
edge 106 680 1
edge 106 702 1
edge 106 704 1
edge 106 721 1
edge 106 734 1
edge 106 739 1
edge 106 754 1
edge 106 804 1
edge 106 809 1
edge 106 828 1
edge 106 844 1
edge 106 858 1
edge 106 860 1
edge 106 861 1
edge 106 873 1
edge 106 883 1
edge 106 887 1
edge 106 895 1
edge 106 897 1
edge 106 913 1
edge 106 915 1
edge 106 938 1
edge 106 940 1
edge 106 964 1
edge 106 974 1
edge 106 976 1
edge 113 120 1
edge 113 122 1
edge 113 129 1
edge 113 143 1
edge 113 150 1
edge 113 153 1
edge 113 167 1
edge 113 177 1
edge 113 180 1
edge 113 206 1
edge 113 229 1
edge 113 230 1
edge 113 236 1
edge 113 247 1
edge 113 254 1
edge 113 263 1
edge 113 278 1
edge 113 291 1
edge 113 314 1
edge 113 341 1
edge 113 352 1
edge 113 354 1
edge 113 355 1
edge 113 383 1
edge 113 399 1
edge 113 410 1
edge 113 413 1
edge 113 447 1
edge 113 471 1
edge 113 474 1
edge 113 481 1
edge 113 483 1
edge 113 493 1
edge 113 495 1
edge 113 497 1
edge 113 516 1
edge 113 523 1
edge 113 525 1
edge 113 543 1
edge 113 564 1
edge 113 567 1
edge 113 583 1
edge 113 594 1
edge 113 604 1
edge 113 634 1
edge 113 637 1
edge 113 644 1
edge 113 645 1
edge 113 675 1
edge 113 680 1
edge 113 702 1
edge 113 704 1
edge 113 721 1
edge 113 734 1
edge 113 739 1
edge 113 754 1
edge 113 804 1
edge 113 809 1
edge 113 828 1
edge 113 844 1
edge 113 858 1
edge 113 860 1
edge 113 861 1
edge 113 873 1
edge 113 883 1
edge 113 887 1
edge 113 895 1
edge 113 897 1
edge 113 913 1
edge 113 915 1
edge 113 938 1
edge 113 940 1
edge 113 964 1
edge 113 974 1
edge 113 976 1
edge 120 122 1
edge 120 129 1
edge 120 143 1
edge 120 150 1
edge 120 153 1
edge 120 167 1
edge 120 177 1
edge 120 180 1
edge 120 206 1
edge 120 229 1
edge 120 230 1
edge 120 236 1
edge 120 247 1
edge 120 254 1
edge 120 263 1
edge 120 278 1
edge 120 291 1
edge 120 314 1
edge 120 341 1
edge 120 352 1
edge 120 354 1
edge 120 355 1
edge 120 383 1
edge 120 399 1
edge 120 410 1
edge 120 413 1
edge 120 447 1
edge 120 471 1
edge 120 474 1
edge 120 481 1
edge 120 483 1
edge 120 493 1
edge 120 495 1
edge 120 497 1
edge 120 516 1
edge 120 523 1
edge 120 525 1
edge 120 543 1
edge 120 564 1
edge 120 567 1
edge 120 583 1
edge 120 594 1
edge 120 604 1
edge 120 634 1
edge 120 637 1
edge 120 644 1
edge 120 645 1
edge 120 675 1
edge 120 680 1
edge 120 702 1
edge 120 704 1
edge 120 721 1
edge 120 734 1
edge 120 739 1
edge 120 754 1
edge 120 804 1
edge 120 809 1
edge 120 828 1
edge 120 844 1
edge 120 858 1
edge 120 860 1
edge 120 861 1
edge 120 873 1
edge 120 883 1
edge 120 887 1
edge 120 895 1
edge 120 897 1
edge 120 913 1
edge 120 915 1
edge 120 938 1
edge 120 940 1
edge 120 964 1
edge 120 974 1
edge 120 976 1
edge 122 129 1
edge 122 143 1
edge 122 150 1
edge 122 153 1
edge 122 167 1
edge 122 177 1
edge 122 180 1
edge 122 206 1
edge 122 229 1
edge 122 230 1
edge 122 236 1
edge 122 247 1
edge 122 254 1
edge 122 263 1
edge 122 278 1
edge 122 291 1
edge 122 314 1
edge 122 341 1
edge 122 352 1
edge 122 354 1
edge 122 355 1
edge 122 383 1
edge 122 399 1
edge 122 410 1
edge 122 413 1
edge 122 447 1
edge 122 471 1
edge 122 474 1
edge 122 481 1
edge 122 483 1
edge 122 493 1
edge 122 495 1
edge 122 497 1
edge 122 516 1
edge 122 523 1
edge 122 525 1
edge 122 543 1
edge 122 564 1
edge 122 567 1
edge 122 583 1
edge 122 594 1
edge 122 604 1
edge 122 634 1
edge 122 637 1
edge 122 644 1
edge 122 645 1
edge 122 675 1
edge 122 680 1
edge 122 702 1
edge 122 704 1
edge 122 721 1
edge 122 734 1
edge 122 739 1
edge 122 754 1
edge 122 804 1
edge 122 809 1
edge 122 828 1
edge 122 844 1
edge 122 858 1
edge 122 860 1
edge 122 861 1
edge 122 873 1
edge 122 883 1
edge 122 887 1
edge 122 895 1
edge 122 897 1
edge 122 913 1
edge 122 915 1
edge 122 938 1
edge 122 940 1
edge 122 964 1
edge 122 974 1
edge 122 976 1
edge 129 143 1
edge 129 150 1
edge 129 153 1
edge 129 167 1
edge 129 177 1
edge 129 180 1
edge 129 206 1
edge 129 229 1
edge 129 230 1
edge 129 236 1
edge 129 247 1
edge 129 254 1
edge 129 263 1
edge 129 278 1
edge 129 291 1
edge 129 314 1
edge 129 341 1
edge 129 352 1
edge 129 354 1
edge 129 355 1
edge 129 383 1
edge 129 399 1
edge 129 410 1
edge 129 413 1
edge 129 447 1
edge 129 471 1
edge 129 474 1
edge 129 481 1
edge 129 483 1
edge 129 493 1
edge 129 495 1
edge 129 497 1
edge 129 516 1
edge 129 523 1
edge 129 525 1
edge 129 543 1
edge 129 564 1
edge 129 567 1
edge 129 583 1
edge 129 594 1
edge 129 604 1
edge 129 634 1
edge 129 637 1
edge 129 644 1
edge 129 645 1
edge 129 675 1
edge 129 680 1
edge 129 702 1
edge 129 704 1
edge 129 721 1
edge 129 734 1
edge 129 739 1
edge 129 754 1
edge 129 804 1
edge 129 809 1
edge 129 828 1
edge 129 844 1
edge 129 858 1
edge 129 860 1
edge 129 861 1
edge 129 873 1
edge 129 883 1
edge 129 887 1
edge 129 895 1
edge 129 897 1
edge 129 913 1
edge 129 915 1
edge 129 938 1
edge 129 940 1
edge 129 964 1
edge 129 974 1
edge 129 976 1
edge 143 150 1
edge 143 153 1
edge 143 167 1
edge 143 177 1
edge 143 180 1
edge 143 206 1
edge 143 229 1
edge 143 230 1
edge 143 236 1
edge 143 247 1
edge 143 254 1
edge 143 263 1
edge 143 278 1
edge 143 291 1
edge 143 314 1
edge 143 341 1
edge 143 352 1
edge 143 354 1
edge 143 355 1
edge 143 383 1
edge 143 399 1
edge 143 410 1
edge 143 413 1
edge 143 447 1
edge 143 471 1
edge 143 474 1
edge 143 481 1
edge 143 483 1
edge 143 493 1
edge 143 495 1
edge 143 497 1
edge 143 516 1
edge 143 523 1
edge 143 525 1
edge 143 543 1
edge 143 564 1
edge 143 567 1
edge 143 583 1
edge 143 594 1
edge 143 604 1
edge 143 634 1
edge 143 637 1
edge 143 644 1
edge 143 645 1
edge 143 675 1
edge 143 680 1
edge 143 702 1
edge 143 704 1
edge 143 721 1
edge 143 734 1
edge 143 739 1
edge 143 754 1
edge 143 804 1
edge 143 809 1
edge 143 828 1
edge 143 844 1
edge 143 858 1
edge 143 860 1
edge 143 861 1
edge 143 873 1
edge 143 883 1
edge 143 887 1
edge 143 895 1
edge 143 897 1
edge 143 913 1
edge 143 915 1
edge 143 938 1
edge 143 940 1
edge 143 964 1
edge 143 974 1
edge 143 976 1
edge 150 153 1
edge 150 167 1
edge 150 177 1
edge 150 180 1
edge 150 206 1
edge 150 229 1
edge 150 230 1
edge 150 236 1
edge 150 247 1
edge 150 254 1
edge 150 263 1
edge 150 278 1
edge 150 291 1
edge 150 314 1
edge 150 341 1
edge 150 352 1
edge 150 354 1
edge 150 355 1
edge 150 383 1
edge 150 399 1
edge 150 410 1
edge 150 413 1
edge 150 447 1
edge 150 471 1
edge 150 474 1
edge 150 481 1
edge 150 483 1
edge 150 493 1
edge 150 495 1
edge 150 497 1
edge 150 516 1
edge 150 523 1
edge 150 525 1
edge 150 543 1
edge 150 564 1
edge 150 567 1
edge 150 583 1
edge 150 594 1
edge 150 604 1
edge 150 634 1
edge 150 637 1
edge 150 644 1
edge 150 645 1
edge 150 675 1
edge 150 680 1
edge 150 702 1
edge 150 704 1
edge 150 721 1
edge 150 734 1
edge 150 739 1
edge 150 754 1
edge 150 804 1
edge 150 809 1
edge 150 828 1
edge 150 844 1
edge 150 858 1
edge 150 860 1
edge 150 861 1
edge 150 873 1
edge 150 883 1
edge 150 887 1
edge 150 895 1
edge 150 897 1
edge 150 913 1
edge 150 915 1
edge 150 938 1
edge 150 940 1
edge 150 964 1
edge 150 974 1
edge 150 976 1
edge 153 167 1
edge 153 177 1
edge 153 180 1
edge 153 206 1
edge 153 229 1
edge 153 230 1
edge 153 236 1
edge 153 247 1
edge 153 254 1
edge 153 263 1
edge 153 278 1
edge 153 291 1
edge 153 314 1
edge 153 341 1
edge 153 352 1
edge 153 354 1
edge 153 355 1
edge 153 383 1
edge 153 399 1
edge 153 410 1
edge 153 413 1
edge 153 447 1
edge 153 471 1
edge 153 474 1
edge 153 481 1
edge 153 483 1
edge 153 493 1
edge 153 495 1
edge 153 497 1
edge 153 516 1
edge 153 523 1
edge 153 525 1
edge 153 543 1
edge 153 564 1
edge 153 567 1
edge 153 583 1
edge 153 594 1
edge 153 604 1
edge 153 634 1
edge 153 637 1
edge 153 644 1
edge 153 645 1
edge 153 675 1
edge 153 680 1
edge 153 702 1
edge 153 704 1
edge 153 721 1
edge 153 734 1
edge 153 739 1
edge 153 754 1
edge 153 804 1
edge 153 809 1
edge 153 828 1
edge 153 844 1
edge 153 858 1
edge 153 860 1
edge 153 861 1
edge 153 873 1
edge 153 883 1
edge 153 887 1
edge 153 895 1
edge 153 897 1
edge 153 913 1
edge 153 915 1
edge 153 938 1
edge 153 940 1
edge 153 964 1
edge 153 974 1
edge 153 976 1
edge 167 177 1
edge 167 180 1
edge 167 206 1
edge 167 229 1
edge 167 230 1
edge 167 236 1
edge 167 247 1
edge 167 254 1
edge 167 263 1
edge 167 278 1
edge 167 291 1
edge 167 314 1
edge 167 341 1
edge 167 352 1
edge 167 354 1
edge 167 355 1
edge 167 383 1
edge 167 399 1
edge 167 410 1
edge 167 413 1
edge 167 447 1
edge 167 471 1
edge 167 474 1
edge 167 481 1
edge 167 483 1
edge 167 493 1
edge 167 495 1
edge 167 497 1
edge 167 516 1
edge 167 523 1
edge 167 525 1
edge 167 543 1
edge 167 564 1
edge 167 567 1
edge 167 583 1
edge 167 594 1
edge 167 604 1
edge 167 634 1
edge 167 637 1
edge 167 644 1
edge 167 645 1
edge 167 675 1
edge 167 680 1
edge 167 702 1
edge 167 704 1
edge 167 721 1
edge 167 734 1
edge 167 739 1
edge 167 754 1
edge 167 804 1
edge 167 809 1
edge 167 828 1
edge 167 844 1
edge 167 858 1
edge 167 860 1
edge 167 861 1
edge 167 873 1
edge 167 883 1
edge 167 887 1
edge 167 895 1
edge 167 897 1
edge 167 913 1
edge 167 915 1
edge 167 938 1
edge 167 940 1
edge 167 964 1
edge 167 974 1
edge 167 976 1
edge 177 180 1
edge 177 206 1
edge 177 229 1
edge 177 230 1
edge 177 236 1
edge 177 247 1
edge 177 254 1
edge 177 263 1
edge 177 278 1
edge 177 291 1
edge 177 314 1
edge 177 341 1
edge 177 352 1
edge 177 354 1
edge 177 355 1
edge 177 383 1
edge 177 399 1
edge 177 410 1
edge 177 413 1
edge 177 447 1
edge 177 471 1
edge 177 474 1
edge 177 481 1
edge 177 483 1
edge 177 493 1
edge 177 495 1
edge 177 497 1
edge 177 516 1
edge 177 523 1
edge 177 525 1
edge 177 543 1
edge 177 564 1
edge 177 567 1
edge 177 583 1
edge 177 594 1
edge 177 604 1
edge 177 634 1
edge 177 637 1
edge 177 644 1
edge 177 645 1
edge 177 675 1
edge 177 680 1
edge 177 702 1
edge 177 704 1
edge 177 721 1
edge 177 734 1
edge 177 739 1
edge 177 754 1
edge 177 804 1
edge 177 809 1
edge 177 828 1
edge 177 844 1
edge 177 858 1
edge 177 860 1
edge 177 861 1
edge 177 873 1
edge 177 883 1
edge 177 887 1
edge 177 895 1
edge 177 897 1
edge 177 913 1
edge 177 915 1
edge 177 938 1
edge 177 940 1
edge 177 964 1
edge 177 974 1
edge 177 976 1
edge 180 206 1
edge 180 229 1
edge 180 230 1
edge 180 236 1
edge 180 247 1
edge 180 254 1
edge 180 263 1
edge 180 278 1
edge 180 291 1
edge 180 314 1
edge 180 341 1
edge 180 352 1
edge 180 354 1
edge 180 355 1
edge 180 383 1
edge 180 399 1
edge 180 410 1
edge 180 413 1
edge 180 447 1
edge 180 471 1
edge 180 474 1
edge 180 481 1
edge 180 483 1
edge 180 493 1
edge 180 495 1
edge 180 497 1
edge 180 516 1
edge 180 523 1
edge 180 525 1
edge 180 543 1
edge 180 564 1
edge 180 567 1
edge 180 583 1
edge 180 594 1
edge 180 604 1
edge 180 634 1
edge 180 637 1
edge 180 644 1
edge 180 645 1
edge 180 675 1
edge 180 680 1
edge 180 702 1
edge 180 704 1
edge 180 721 1
edge 180 734 1
edge 180 739 1
edge 180 754 1
edge 180 804 1
edge 180 809 1
edge 180 828 1
edge 180 844 1
edge 180 858 1
edge 180 860 1
edge 180 861 1
edge 180 873 1
edge 180 883 1
edge 180 887 1
edge 180 895 1
edge 180 897 1
edge 180 913 1
edge 180 915 1
edge 180 938 1
edge 180 940 1
edge 180 964 1
edge 180 974 1
edge 180 976 1
edge 206 229 1
edge 206 230 1
edge 206 236 1
edge 206 247 1
edge 206 254 1
edge 206 263 1
edge 206 278 1
edge 206 291 1
edge 206 314 1
edge 206 341 1
edge 206 352 1
edge 206 354 1
edge 206 355 1
edge 206 383 1
edge 206 399 1
edge 206 410 1
edge 206 413 1
edge 206 447 1
edge 206 471 1
edge 206 474 1
edge 206 481 1
edge 206 483 1
edge 206 493 1
edge 206 495 1
edge 206 497 1
edge 206 516 1
edge 206 523 1
edge 206 525 1
edge 206 543 1
edge 206 564 1
edge 206 567 1
edge 206 583 1
edge 206 594 1
edge 206 604 1
edge 206 634 1
edge 206 637 1
edge 206 644 1
edge 206 645 1
edge 206 675 1
edge 206 680 1
edge 206 702 1
edge 206 704 1
edge 206 721 1
edge 206 734 1
edge 206 739 1
edge 206 754 1
edge 206 804 1
edge 206 809 1
edge 206 828 1
edge 206 844 1
edge 206 858 1
edge 206 860 1
edge 206 861 1
edge 206 873 1
edge 206 883 1
edge 206 887 1
edge 206 895 1
edge 206 897 1
edge 206 913 1
edge 206 915 1
edge 206 938 1
edge 206 940 1
edge 206 964 1
edge 206 974 1
edge 206 976 1
edge 229 230 1
edge 229 236 1
edge 229 247 1
edge 229 254 1
edge 229 263 1
edge 229 278 1
edge 229 291 1
edge 229 314 1
edge 229 341 1
edge 229 352 1
edge 229 354 1
edge 229 355 1
edge 229 383 1
edge 229 399 1
edge 229 410 1
edge 229 413 1
edge 229 447 1
edge 229 471 1
edge 229 474 1
edge 229 481 1
edge 229 483 1
edge 229 493 1
edge 229 495 1
edge 229 497 1
edge 229 516 1
edge 229 523 1
edge 229 525 1
edge 229 543 1
edge 229 564 1
edge 229 567 1
edge 229 583 1
edge 229 594 1
edge 229 604 1
edge 229 634 1
edge 229 637 1
edge 229 644 1
edge 229 645 1
edge 229 675 1
edge 229 680 1
edge 229 702 1
edge 229 704 1
edge 229 721 1
edge 229 734 1
edge 229 739 1
edge 229 754 1
edge 229 804 1
edge 229 809 1
edge 229 828 1
edge 229 844 1
edge 229 858 1
edge 229 860 1
edge 229 861 1
edge 229 873 1
edge 229 883 1
edge 229 887 1
edge 229 895 1
edge 229 897 1
edge 229 913 1
edge 229 915 1
edge 229 938 1
edge 229 940 1
edge 229 964 1
edge 229 974 1
edge 229 976 1
edge 230 236 1
edge 230 247 1
edge 230 254 1
edge 230 263 1
edge 230 278 1
edge 230 291 1
edge 230 314 1
edge 230 341 1
edge 230 352 1
edge 230 354 1
edge 230 355 1
edge 230 383 1
edge 230 399 1
edge 230 410 1
edge 230 413 1
edge 230 447 1
edge 230 471 1
edge 230 474 1
edge 230 481 1
edge 230 483 1
edge 230 493 1
edge 230 495 1
edge 230 497 1
edge 230 516 1
edge 230 523 1
edge 230 525 1
edge 230 543 1
edge 230 564 1
edge 230 567 1
edge 230 583 1
edge 230 594 1
edge 230 604 1
edge 230 634 1
edge 230 637 1
edge 230 644 1
edge 230 645 1
edge 230 675 1
edge 230 680 1
edge 230 702 1
edge 230 704 1
edge 230 721 1
edge 230 734 1
edge 230 739 1
edge 230 754 1
edge 230 804 1
edge 230 809 1
edge 230 828 1
edge 230 844 1
edge 230 858 1
edge 230 860 1
edge 230 861 1
edge 230 873 1
edge 230 883 1
edge 230 887 1
edge 230 895 1
edge 230 897 1
edge 230 913 1
edge 230 915 1
edge 230 938 1
edge 230 940 1
edge 230 964 1
edge 230 974 1
edge 230 976 1
edge 236 247 1
edge 236 254 1
edge 236 263 1
edge 236 278 1
edge 236 291 1
edge 236 314 1
edge 236 341 1
edge 236 352 1
edge 236 354 1
edge 236 355 1
edge 236 383 1
edge 236 399 1
edge 236 410 1
edge 236 413 1
edge 236 447 1
edge 236 471 1
edge 236 474 1
edge 236 481 1
edge 236 483 1
edge 236 493 1
edge 236 495 1
edge 236 497 1
edge 236 516 1
edge 236 523 1
edge 236 525 1
edge 236 543 1
edge 236 564 1
edge 236 567 1
edge 236 583 1
edge 236 594 1
edge 236 604 1
edge 236 634 1
edge 236 637 1
edge 236 644 1
edge 236 645 1
edge 236 675 1
edge 236 680 1
edge 236 702 1
edge 236 704 1
edge 236 721 1
edge 236 734 1
edge 236 739 1
edge 236 754 1
edge 236 804 1
edge 236 809 1
edge 236 828 1
edge 236 844 1
edge 236 858 1
edge 236 860 1
edge 236 861 1
edge 236 873 1
edge 236 883 1
edge 236 887 1
edge 236 895 1
edge 236 897 1
edge 236 913 1
edge 236 915 1
edge 236 938 1
edge 236 940 1
edge 236 964 1
edge 236 974 1
edge 236 976 1
edge 247 254 1
edge 247 263 1
edge 247 278 1
edge 247 291 1
edge 247 314 1
edge 247 341 1
edge 247 352 1
edge 247 354 1
edge 247 355 1
edge 247 383 1
edge 247 399 1
edge 247 410 1
edge 247 413 1
edge 247 447 1
edge 247 471 1
edge 247 474 1
edge 247 481 1
edge 247 483 1
edge 247 493 1
edge 247 495 1
edge 247 497 1
edge 247 516 1
edge 247 523 1
edge 247 525 1
edge 247 543 1
edge 247 564 1
edge 247 567 1
edge 247 583 1
edge 247 594 1
edge 247 604 1
edge 247 634 1
edge 247 637 1
edge 247 644 1
edge 247 645 1
edge 247 675 1
edge 247 680 1
edge 247 702 1
edge 247 704 1
edge 247 721 1
edge 247 734 1
edge 247 739 1
edge 247 754 1
edge 247 804 1
edge 247 809 1
edge 247 828 1
edge 247 844 1
edge 247 858 1
edge 247 860 1
edge 247 861 1
edge 247 873 1
edge 247 883 1
edge 247 887 1
edge 247 895 1
edge 247 897 1
edge 247 913 1
edge 247 915 1
edge 247 938 1
edge 247 940 1
edge 247 964 1
edge 247 974 1
edge 247 976 1
edge 254 263 1
edge 254 278 1
edge 254 291 1
edge 254 314 1
edge 254 341 1
edge 254 352 1
edge 254 354 1
edge 254 355 1
edge 254 383 1
edge 254 399 1
edge 254 410 1
edge 254 413 1
edge 254 447 1
edge 254 471 1
edge 254 474 1
edge 254 481 1
edge 254 483 1
edge 254 493 1
edge 254 495 1
edge 254 497 1
edge 254 516 1
edge 254 523 1
edge 254 525 1
edge 254 543 1
edge 254 564 1
edge 254 567 1
edge 254 583 1
edge 254 594 1
edge 254 604 1
edge 254 634 1
edge 254 637 1
edge 254 644 1
edge 254 645 1
edge 254 675 1
edge 254 680 1
edge 254 702 1
edge 254 704 1
edge 254 721 1
edge 254 734 1
edge 254 739 1
edge 254 754 1
edge 254 804 1
edge 254 809 1
edge 254 828 1
edge 254 844 1
edge 254 858 1
edge 254 860 1
edge 254 861 1
edge 254 873 1
edge 254 883 1
edge 254 887 1
edge 254 895 1
edge 254 897 1
edge 254 913 1
edge 254 915 1
edge 254 938 1
edge 254 940 1
edge 254 964 1
edge 254 974 1
edge 254 976 1
edge 263 278 1
edge 263 291 1
edge 263 314 1
edge 263 341 1
edge 263 352 1
edge 263 354 1
edge 263 355 1
edge 263 383 1
edge 263 399 1
edge 263 410 1
edge 263 413 1
edge 263 447 1
edge 263 471 1
edge 263 474 1
edge 263 481 1
edge 263 483 1
edge 263 493 1
edge 263 495 1
edge 263 497 1
edge 263 516 1
edge 263 523 1
edge 263 525 1
edge 263 543 1
edge 263 564 1
edge 263 567 1
edge 263 583 1
edge 263 594 1
edge 263 604 1
edge 263 634 1
edge 263 637 1
edge 263 644 1
edge 263 645 1
edge 263 675 1
edge 263 680 1
edge 263 702 1
edge 263 704 1
edge 263 721 1
edge 263 734 1
edge 263 739 1
edge 263 754 1
edge 263 804 1
edge 263 809 1
edge 263 828 1
edge 263 844 1
edge 263 858 1
edge 263 860 1
edge 263 861 1
edge 263 873 1
edge 263 883 1
edge 263 887 1
edge 263 895 1
edge 263 897 1
edge 263 913 1
edge 263 915 1
edge 263 938 1
edge 263 940 1
edge 263 964 1
edge 263 974 1
edge 263 976 1
edge 278 291 1
edge 278 314 1
edge 278 341 1
edge 278 352 1
edge 278 354 1
edge 278 355 1
edge 278 383 1
edge 278 399 1
edge 278 410 1
edge 278 413 1
edge 278 447 1
edge 278 471 1
edge 278 474 1
edge 278 481 1
edge 278 483 1
edge 278 493 1
edge 278 495 1
edge 278 497 1
edge 278 516 1
edge 278 523 1
edge 278 525 1
edge 278 543 1
edge 278 564 1
edge 278 567 1
edge 278 583 1
edge 278 594 1
edge 278 604 1
edge 278 634 1
edge 278 637 1
edge 278 644 1
edge 278 645 1
edge 278 675 1
edge 278 680 1
edge 278 702 1
edge 278 704 1
edge 278 721 1
edge 278 734 1
edge 278 739 1
edge 278 754 1
edge 278 804 1
edge 278 809 1
edge 278 828 1
edge 278 844 1
edge 278 858 1
edge 278 860 1
edge 278 861 1
edge 278 873 1
edge 278 883 1
edge 278 887 1
edge 278 895 1
edge 278 897 1
edge 278 913 1
edge 278 915 1
edge 278 938 1
edge 278 940 1
edge 278 964 1
edge 278 974 1
edge 278 976 1
edge 291 314 1
edge 291 341 1
edge 291 352 1
edge 291 354 1
edge 291 355 1
edge 291 383 1
edge 291 399 1
edge 291 410 1
edge 291 413 1
edge 291 447 1
edge 291 471 1
edge 291 474 1
edge 291 481 1
edge 291 483 1
edge 291 493 1
edge 291 495 1
edge 291 497 1
edge 291 516 1
edge 291 523 1
edge 291 525 1
edge 291 543 1
edge 291 564 1
edge 291 567 1
edge 291 583 1
edge 291 594 1
edge 291 604 1
edge 291 634 1
edge 291 637 1
edge 291 644 1
edge 291 645 1
edge 291 675 1
edge 291 680 1
edge 291 702 1
edge 291 704 1
edge 291 721 1
edge 291 734 1
edge 291 739 1
edge 291 754 1
edge 291 804 1
edge 291 809 1
edge 291 828 1
edge 291 844 1
edge 291 858 1
edge 291 860 1
edge 291 861 1
edge 291 873 1
edge 291 883 1
edge 291 887 1
edge 291 895 1
edge 291 897 1
edge 291 913 1
edge 291 915 1
edge 291 938 1
edge 291 940 1
edge 291 964 1
edge 291 974 1
edge 291 976 1
edge 314 341 1
edge 314 352 1
edge 314 354 1
edge 314 355 1
edge 314 383 1
edge 314 399 1
edge 314 410 1
edge 314 413 1
edge 314 447 1
edge 314 471 1
edge 314 474 1
edge 314 481 1
edge 314 483 1
edge 314 493 1
edge 314 495 1
edge 314 497 1
edge 314 516 1
edge 314 523 1
edge 314 525 1
edge 314 543 1
edge 314 564 1
edge 314 567 1
edge 314 583 1
edge 314 594 1
edge 314 604 1
edge 314 634 1
edge 314 637 1
edge 314 644 1
edge 314 645 1
edge 314 675 1
edge 314 680 1
edge 314 702 1
edge 314 704 1
edge 314 721 1
edge 314 734 1
edge 314 739 1
edge 314 754 1
edge 314 804 1
edge 314 809 1
edge 314 828 1
edge 314 844 1
edge 314 858 1
edge 314 860 1
edge 314 861 1
edge 314 873 1
edge 314 883 1
edge 314 887 1
edge 314 895 1
edge 314 897 1
edge 314 913 1
edge 314 915 1
edge 314 938 1
edge 314 940 1
edge 314 964 1
edge 314 974 1
edge 314 976 1
edge 341 352 1
edge 341 354 1
edge 341 355 1
edge 341 383 1
edge 341 399 1
edge 341 410 1
edge 341 413 1
edge 341 447 1
edge 341 471 1
edge 341 474 1
edge 341 481 1
edge 341 483 1
edge 341 493 1
edge 341 495 1
edge 341 497 1
edge 341 516 1
edge 341 523 1
edge 341 525 1
edge 341 543 1
edge 341 564 1
edge 341 567 1
edge 341 583 1
edge 341 594 1
edge 341 604 1
edge 341 634 1
edge 341 637 1
edge 341 644 1
edge 341 645 1
edge 341 675 1
edge 341 680 1
edge 341 702 1
edge 341 704 1
edge 341 721 1
edge 341 734 1
edge 341 739 1
edge 341 754 1
edge 341 804 1
edge 341 809 1
edge 341 828 1
edge 341 844 1
edge 341 858 1
edge 341 860 1
edge 341 861 1
edge 341 873 1
edge 341 883 1
edge 341 887 1
edge 341 895 1
edge 341 897 1
edge 341 913 1
edge 341 915 1
edge 341 938 1
edge 341 940 1
edge 341 964 1
edge 341 974 1
edge 341 976 1
edge 352 354 1
edge 352 355 1
edge 352 383 1
edge 352 399 1
edge 352 410 1
edge 352 413 1
edge 352 447 1
edge 352 471 1
edge 352 474 1
edge 352 481 1
edge 352 483 1
edge 352 493 1
edge 352 495 1
edge 352 497 1
edge 352 516 1
edge 352 523 1
edge 352 525 1
edge 352 543 1
edge 352 564 1
edge 352 567 1
edge 352 583 1
edge 352 594 1
edge 352 604 1
edge 352 634 1
edge 352 637 1
edge 352 644 1
edge 352 645 1
edge 352 675 1
edge 352 680 1
edge 352 702 1
edge 352 704 1
edge 352 721 1
edge 352 734 1
edge 352 739 1
edge 352 754 1
edge 352 804 1
edge 352 809 1
edge 352 828 1
edge 352 844 1
edge 352 858 1
edge 352 860 1
edge 352 861 1
edge 352 873 1
edge 352 883 1
edge 352 887 1
edge 352 895 1
edge 352 897 1
edge 352 913 1
edge 352 915 1
edge 352 938 1
edge 352 940 1
edge 352 964 1
edge 352 974 1
edge 352 976 1
edge 354 355 1
edge 354 383 1
edge 354 399 1
edge 354 410 1
edge 354 413 1
edge 354 447 1
edge 354 471 1
edge 354 474 1
edge 354 481 1
edge 354 483 1
edge 354 493 1
edge 354 495 1
edge 354 497 1
edge 354 516 1
edge 354 523 1
edge 354 525 1
edge 354 543 1
edge 354 564 1
edge 354 567 1
edge 354 583 1
edge 354 594 1
edge 354 604 1
edge 354 634 1
edge 354 637 1
edge 354 644 1
edge 354 645 1
edge 354 675 1
edge 354 680 1
edge 354 702 1
edge 354 704 1
edge 354 721 1
edge 354 734 1
edge 354 739 1
edge 354 754 1
edge 354 804 1
edge 354 809 1
edge 354 828 1
edge 354 844 1
edge 354 858 1
edge 354 860 1
edge 354 861 1
edge 354 873 1
edge 354 883 1
edge 354 887 1
edge 354 895 1
edge 354 897 1
edge 354 913 1
edge 354 915 1
edge 354 938 1
edge 354 940 1
edge 354 964 1
edge 354 974 1
edge 354 976 1
edge 355 383 1
edge 355 399 1
edge 355 410 1
edge 355 413 1
edge 355 447 1
edge 355 471 1
edge 355 474 1
edge 355 481 1
edge 355 483 1
edge 355 493 1
edge 355 495 1
edge 355 497 1
edge 355 516 1
edge 355 523 1
edge 355 525 1
edge 355 543 1
edge 355 564 1
edge 355 567 1
edge 355 583 1
edge 355 594 1
edge 355 604 1
edge 355 634 1
edge 355 637 1
edge 355 644 1
edge 355 645 1
edge 355 675 1
edge 355 680 1
edge 355 702 1
edge 355 704 1
edge 355 721 1
edge 355 734 1
edge 355 739 1
edge 355 754 1
edge 355 804 1
edge 355 809 1
edge 355 828 1
edge 355 844 1
edge 355 858 1
edge 355 860 1
edge 355 861 1
edge 355 873 1
edge 355 883 1
edge 355 887 1
edge 355 895 1
edge 355 897 1
edge 355 913 1
edge 355 915 1
edge 355 938 1
edge 355 940 1
edge 355 964 1
edge 355 974 1
edge 355 976 1
edge 383 399 1
edge 383 410 1
edge 383 413 1
edge 383 447 1
edge 383 471 1
edge 383 474 1
edge 383 481 1
edge 383 483 1
edge 383 493 1
edge 383 495 1
edge 383 497 1
edge 383 516 1
edge 383 523 1
edge 383 525 1
edge 383 543 1
edge 383 564 1
edge 383 567 1
edge 383 583 1
edge 383 594 1
edge 383 604 1
edge 383 634 1
edge 383 637 1
edge 383 644 1
edge 383 645 1
edge 383 675 1
edge 383 680 1
edge 383 702 1
edge 383 704 1
edge 383 721 1
edge 383 734 1
edge 383 739 1
edge 383 754 1
edge 383 804 1
edge 383 809 1
edge 383 828 1
edge 383 844 1
edge 383 858 1
edge 383 860 1
edge 383 861 1
edge 383 873 1
edge 383 883 1
edge 383 887 1
edge 383 895 1
edge 383 897 1
edge 383 913 1
edge 383 915 1
edge 383 938 1
edge 383 940 1
edge 383 964 1
edge 383 974 1
edge 383 976 1
edge 399 410 1
edge 399 413 1
edge 399 447 1
edge 399 471 1
edge 399 474 1
edge 399 481 1
edge 399 483 1
edge 399 493 1
edge 399 495 1
edge 399 497 1
edge 399 516 1
edge 399 523 1
edge 399 525 1
edge 399 543 1
edge 399 564 1
edge 399 567 1
edge 399 583 1
edge 399 594 1
edge 399 604 1
edge 399 634 1
edge 399 637 1
edge 399 644 1
edge 399 645 1
edge 399 675 1
edge 399 680 1
edge 399 702 1
edge 399 704 1
edge 399 721 1
edge 399 734 1
edge 399 739 1
edge 399 754 1
edge 399 804 1
edge 399 809 1
edge 399 828 1
edge 399 844 1
edge 399 858 1
edge 399 860 1
edge 399 861 1
edge 399 873 1
edge 399 883 1
edge 399 887 1
edge 399 895 1
edge 399 897 1
edge 399 913 1
edge 399 915 1
edge 399 938 1
edge 399 940 1
edge 399 964 1
edge 399 974 1
edge 399 976 1
edge 410 413 1
edge 410 447 1
edge 410 471 1
edge 410 474 1
edge 410 481 1
edge 410 483 1
edge 410 493 1
edge 410 495 1
edge 410 497 1
edge 410 516 1
edge 410 523 1
edge 410 525 1
edge 410 543 1
edge 410 564 1
edge 410 567 1
edge 410 583 1
edge 410 594 1
edge 410 604 1
edge 410 634 1
edge 410 637 1
edge 410 644 1
edge 410 645 1
edge 410 675 1
edge 410 680 1
edge 410 702 1
edge 410 704 1
edge 410 721 1
edge 410 734 1
edge 410 739 1
edge 410 754 1
edge 410 804 1
edge 410 809 1
edge 410 828 1
edge 410 844 1
edge 410 858 1
edge 410 860 1
edge 410 861 1
edge 410 873 1
edge 410 883 1
edge 410 887 1
edge 410 895 1
edge 410 897 1
edge 410 913 1
edge 410 915 1
edge 410 938 1
edge 410 940 1
edge 410 964 1
edge 410 974 1
edge 410 976 1
edge 413 447 1
edge 413 471 1
edge 413 474 1
edge 413 481 1
edge 413 483 1
edge 413 493 1
edge 413 495 1
edge 413 497 1
edge 413 516 1
edge 413 523 1
edge 413 525 1
edge 413 543 1
edge 413 564 1
edge 413 567 1
edge 413 583 1
edge 413 594 1
edge 413 604 1
edge 413 634 1
edge 413 637 1
edge 413 644 1
edge 413 645 1
edge 413 675 1
edge 413 680 1
edge 413 702 1
edge 413 704 1
edge 413 721 1
edge 413 734 1
edge 413 739 1
edge 413 754 1
edge 413 804 1
edge 413 809 1
edge 413 828 1
edge 413 844 1
edge 413 858 1
edge 413 860 1
edge 413 861 1
edge 413 873 1
edge 413 883 1
edge 413 887 1
edge 413 895 1
edge 413 897 1
edge 413 913 1
edge 413 915 1
edge 413 938 1
edge 413 940 1
edge 413 964 1
edge 413 974 1
edge 413 976 1
edge 447 471 1
edge 447 474 1
edge 447 481 1
edge 447 483 1
edge 447 493 1
edge 447 495 1
edge 447 497 1
edge 447 516 1
edge 447 523 1
edge 447 525 1
edge 447 543 1
edge 447 564 1
edge 447 567 1
edge 447 583 1
edge 447 594 1
edge 447 604 1
edge 447 634 1
edge 447 637 1
edge 447 644 1
edge 447 645 1
edge 447 675 1
edge 447 680 1
edge 447 702 1
edge 447 704 1
edge 447 721 1
edge 447 734 1
edge 447 739 1
edge 447 754 1
edge 447 804 1
edge 447 809 1
edge 447 828 1
edge 447 844 1
edge 447 858 1
edge 447 860 1
edge 447 861 1
edge 447 873 1
edge 447 883 1
edge 447 887 1
edge 447 895 1
edge 447 897 1
edge 447 913 1
edge 447 915 1
edge 447 938 1
edge 447 940 1
edge 447 964 1
edge 447 974 1
edge 447 976 1
edge 471 474 1
edge 471 481 1
edge 471 483 1
edge 471 493 1
edge 471 495 1
edge 471 497 1
edge 471 516 1
edge 471 523 1
edge 471 525 1
edge 471 543 1
edge 471 564 1
edge 471 567 1
edge 471 583 1
edge 471 594 1
edge 471 604 1
edge 471 634 1
edge 471 637 1
edge 471 644 1
edge 471 645 1
edge 471 675 1
edge 471 680 1
edge 471 702 1
edge 471 704 1
edge 471 721 1
edge 471 734 1
edge 471 739 1
edge 471 754 1
edge 471 804 1
edge 471 809 1
edge 471 828 1
edge 471 844 1
edge 471 858 1
edge 471 860 1
edge 471 861 1
edge 471 873 1
edge 471 883 1
edge 471 887 1
edge 471 895 1
edge 471 897 1
edge 471 913 1
edge 471 915 1
edge 471 938 1
edge 471 940 1
edge 471 964 1
edge 471 974 1
edge 471 976 1
edge 474 481 1
edge 474 483 1
edge 474 493 1
edge 474 495 1
edge 474 497 1
edge 474 516 1
edge 474 523 1
edge 474 525 1
edge 474 543 1
edge 474 564 1
edge 474 567 1
edge 474 583 1
edge 474 594 1
edge 474 604 1
edge 474 634 1
edge 474 637 1
edge 474 644 1
edge 474 645 1
edge 474 675 1
edge 474 680 1
edge 474 702 1
edge 474 704 1
edge 474 721 1
edge 474 734 1
edge 474 739 1
edge 474 754 1
edge 474 804 1
edge 474 809 1
edge 474 828 1
edge 474 844 1
edge 474 858 1
edge 474 860 1
edge 474 861 1
edge 474 873 1
edge 474 883 1
edge 474 887 1
edge 474 895 1
edge 474 897 1
edge 474 913 1
edge 474 915 1
edge 474 938 1
edge 474 940 1
edge 474 964 1
edge 474 974 1
edge 474 976 1
edge 481 483 1
edge 481 493 1
edge 481 495 1
edge 481 497 1
edge 481 516 1
edge 481 523 1
edge 481 525 1
edge 481 543 1
edge 481 564 1
edge 481 567 1
edge 481 583 1
edge 481 594 1
edge 481 604 1
edge 481 634 1
edge 481 637 1
edge 481 644 1
edge 481 645 1
edge 481 675 1
edge 481 680 1
edge 481 702 1
edge 481 704 1
edge 481 721 1
edge 481 734 1
edge 481 739 1
edge 481 754 1
edge 481 804 1
edge 481 809 1
edge 481 828 1
edge 481 844 1
edge 481 858 1
edge 481 860 1
edge 481 861 1
edge 481 873 1
edge 481 883 1
edge 481 887 1
edge 481 895 1
edge 481 897 1
edge 481 913 1
edge 481 915 1
edge 481 938 1
edge 481 940 1
edge 481 964 1
edge 481 974 1
edge 481 976 1
edge 483 493 1
edge 483 495 1
edge 483 497 1
edge 483 516 1
edge 483 523 1
edge 483 525 1
edge 483 543 1
edge 483 564 1
edge 483 567 1
edge 483 583 1
edge 483 594 1
edge 483 604 1
edge 483 634 1
edge 483 637 1
edge 483 644 1
edge 483 645 1
edge 483 675 1
edge 483 680 1
edge 483 702 1
edge 483 704 1
edge 483 721 1
edge 483 734 1
edge 483 739 1
edge 483 754 1
edge 483 804 1
edge 483 809 1
edge 483 828 1
edge 483 844 1
edge 483 858 1
edge 483 860 1
edge 483 861 1
edge 483 873 1
edge 483 883 1
edge 483 887 1
edge 483 895 1
edge 483 897 1
edge 483 913 1
edge 483 915 1
edge 483 938 1
edge 483 940 1
edge 483 964 1
edge 483 974 1
edge 483 976 1
edge 493 495 1
edge 493 497 1
edge 493 516 1
edge 493 523 1
edge 493 525 1
edge 493 543 1
edge 493 564 1
edge 493 567 1
edge 493 583 1
edge 493 594 1
edge 493 604 1
edge 493 634 1
edge 493 637 1
edge 493 644 1
edge 493 645 1
edge 493 675 1
edge 493 680 1
edge 493 702 1
edge 493 704 1
edge 493 721 1
edge 493 734 1
edge 493 739 1
edge 493 754 1
edge 493 804 1
edge 493 809 1
edge 493 828 1
edge 493 844 1
edge 493 858 1
edge 493 860 1
edge 493 861 1
edge 493 873 1
edge 493 883 1
edge 493 887 1
edge 493 895 1
edge 493 897 1
edge 493 913 1
edge 493 915 1
edge 493 938 1
edge 493 940 1
edge 493 964 1
edge 493 974 1
edge 493 976 1
edge 495 497 1
edge 495 516 1
edge 495 523 1
edge 495 525 1
edge 495 543 1
edge 495 564 1
edge 495 567 1
edge 495 583 1
edge 495 594 1
edge 495 604 1
edge 495 634 1
edge 495 637 1
edge 495 644 1
edge 495 645 1
edge 495 675 1
edge 495 680 1
edge 495 702 1
edge 495 704 1
edge 495 721 1
edge 495 734 1
edge 495 739 1
edge 495 754 1
edge 495 804 1
edge 495 809 1
edge 495 828 1
edge 495 844 1
edge 495 858 1
edge 495 860 1
edge 495 861 1
edge 495 873 1
edge 495 883 1
edge 495 887 1
edge 495 895 1
edge 495 897 1
edge 495 913 1
edge 495 915 1
edge 495 938 1
edge 495 940 1
edge 495 964 1
edge 495 974 1
edge 495 976 1
edge 497 516 1
edge 497 523 1
edge 497 525 1
edge 497 543 1
edge 497 564 1
edge 497 567 1
edge 497 583 1
edge 497 594 1
edge 497 604 1
edge 497 634 1
edge 497 637 1
edge 497 644 1
edge 497 645 1
edge 497 675 1
edge 497 680 1
edge 497 702 1
edge 497 704 1
edge 497 721 1
edge 497 734 1
edge 497 739 1
edge 497 754 1
edge 497 804 1
edge 497 809 1
edge 497 828 1
edge 497 844 1
edge 497 858 1
edge 497 860 1
edge 497 861 1
edge 497 873 1
edge 497 883 1
edge 497 887 1
edge 497 895 1
edge 497 897 1
edge 497 913 1
edge 497 915 1
edge 497 938 1
edge 497 940 1
edge 497 964 1
edge 497 974 1
edge 497 976 1
edge 516 523 1
edge 516 525 1
edge 516 543 1
edge 516 564 1
edge 516 567 1
edge 516 583 1
edge 516 594 1
edge 516 604 1
edge 516 634 1
edge 516 637 1
edge 516 644 1
edge 516 645 1
edge 516 675 1
edge 516 680 1
edge 516 702 1
edge 516 704 1
edge 516 721 1
edge 516 734 1
edge 516 739 1
edge 516 754 1
edge 516 804 1
edge 516 809 1
edge 516 828 1
edge 516 844 1
edge 516 858 1
edge 516 860 1
edge 516 861 1
edge 516 873 1
edge 516 883 1
edge 516 887 1
edge 516 895 1
edge 516 897 1
edge 516 913 1
edge 516 915 1
edge 516 938 1
edge 516 940 1
edge 516 964 1
edge 516 974 1
edge 516 976 1
edge 523 525 1
edge 523 543 1
edge 523 564 1
edge 523 567 1
edge 523 583 1
edge 523 594 1
edge 523 604 1
edge 523 634 1
edge 523 637 1
edge 523 644 1
edge 523 645 1
edge 523 675 1
edge 523 680 1
edge 523 702 1
edge 523 704 1
edge 523 721 1
edge 523 734 1
edge 523 739 1
edge 523 754 1
edge 523 804 1
edge 523 809 1
edge 523 828 1
edge 523 844 1
edge 523 858 1
edge 523 860 1
edge 523 861 1
edge 523 873 1
edge 523 883 1
edge 523 887 1
edge 523 895 1
edge 523 897 1
edge 523 913 1
edge 523 915 1
edge 523 938 1
edge 523 940 1
edge 523 964 1
edge 523 974 1
edge 523 976 1
edge 525 543 1
edge 525 564 1
edge 525 567 1
edge 525 583 1
edge 525 594 1
edge 525 604 1
edge 525 634 1
edge 525 637 1
edge 525 644 1
edge 525 645 1
edge 525 675 1
edge 525 680 1
edge 525 702 1
edge 525 704 1
edge 525 721 1
edge 525 734 1
edge 525 739 1
edge 525 754 1
edge 525 804 1
edge 525 809 1
edge 525 828 1
edge 525 844 1
edge 525 858 1
edge 525 860 1
edge 525 861 1
edge 525 873 1
edge 525 883 1
edge 525 887 1
edge 525 895 1
edge 525 897 1
edge 525 913 1
edge 525 915 1
edge 525 938 1
edge 525 940 1
edge 525 964 1
edge 525 974 1
edge 525 976 1
edge 543 564 1
edge 543 567 1
edge 543 583 1
edge 543 594 1
edge 543 604 1
edge 543 634 1
edge 543 637 1
edge 543 644 1
edge 543 645 1
edge 543 675 1
edge 543 680 1
edge 543 702 1
edge 543 704 1
edge 543 721 1
edge 543 734 1
edge 543 739 1
edge 543 754 1
edge 543 804 1
edge 543 809 1
edge 543 828 1
edge 543 844 1
edge 543 858 1
edge 543 860 1
edge 543 861 1
edge 543 873 1
edge 543 883 1
edge 543 887 1
edge 543 895 1
edge 543 897 1
edge 543 913 1
edge 543 915 1
edge 543 938 1
edge 543 940 1
edge 543 964 1
edge 543 974 1
edge 543 976 1
edge 564 567 1
edge 564 583 1
edge 564 594 1
edge 564 604 1
edge 564 634 1
edge 564 637 1
edge 564 644 1
edge 564 645 1
edge 564 675 1
edge 564 680 1
edge 564 702 1
edge 564 704 1
edge 564 721 1
edge 564 734 1
edge 564 739 1
edge 564 754 1
edge 564 804 1
edge 564 809 1
edge 564 828 1
edge 564 844 1
edge 564 858 1
edge 564 860 1
edge 564 861 1
edge 564 873 1
edge 564 883 1
edge 564 887 1
edge 564 895 1
edge 564 897 1
edge 564 913 1
edge 564 915 1
edge 564 938 1
edge 564 940 1
edge 564 964 1
edge 564 974 1
edge 564 976 1
edge 567 583 1
edge 567 594 1
edge 567 604 1
edge 567 634 1
edge 567 637 1
edge 567 644 1
edge 567 645 1
edge 567 675 1
edge 567 680 1
edge 567 702 1
edge 567 704 1
edge 567 721 1
edge 567 734 1
edge 567 739 1
edge 567 754 1
edge 567 804 1
edge 567 809 1
edge 567 828 1
edge 567 844 1
edge 567 858 1
edge 567 860 1
edge 567 861 1
edge 567 873 1
edge 567 883 1
edge 567 887 1
edge 567 895 1
edge 567 897 1
edge 567 913 1
edge 567 915 1
edge 567 938 1
edge 567 940 1
edge 567 964 1
edge 567 974 1
edge 567 976 1
edge 583 594 1
edge 583 604 1
edge 583 634 1
edge 583 637 1
edge 583 644 1
edge 583 645 1
edge 583 675 1
edge 583 680 1
edge 583 702 1
edge 583 704 1
edge 583 721 1
edge 583 734 1
edge 583 739 1
edge 583 754 1
edge 583 804 1
edge 583 809 1
edge 583 828 1
edge 583 844 1
edge 583 858 1
edge 583 860 1
edge 583 861 1
edge 583 873 1
edge 583 883 1
edge 583 887 1
edge 583 895 1
edge 583 897 1
edge 583 913 1
edge 583 915 1
edge 583 938 1
edge 583 940 1
edge 583 964 1
edge 583 974 1
edge 583 976 1
edge 594 604 1
edge 594 634 1
edge 594 637 1
edge 594 644 1
edge 594 645 1
edge 594 675 1
edge 594 680 1
edge 594 702 1
edge 594 704 1
edge 594 721 1
edge 594 734 1
edge 594 739 1
edge 594 754 1
edge 594 804 1
edge 594 809 1
edge 594 828 1
edge 594 844 1
edge 594 858 1
edge 594 860 1
edge 594 861 1
edge 594 873 1
edge 594 883 1
edge 594 887 1
edge 594 895 1
edge 594 897 1
edge 594 913 1
edge 594 915 1
edge 594 938 1
edge 594 940 1
edge 594 964 1
edge 594 974 1
edge 594 976 1
edge 604 634 1
edge 604 637 1
edge 604 644 1
edge 604 645 1
edge 604 675 1
edge 604 680 1
edge 604 702 1
edge 604 704 1
edge 604 721 1
edge 604 734 1
edge 604 739 1
edge 604 754 1
edge 604 804 1
edge 604 809 1
edge 604 828 1
edge 604 844 1
edge 604 858 1
edge 604 860 1
edge 604 861 1
edge 604 873 1
edge 604 883 1
edge 604 887 1
edge 604 895 1
edge 604 897 1
edge 604 913 1
edge 604 915 1
edge 604 938 1
edge 604 940 1
edge 604 964 1
edge 604 974 1
edge 604 976 1
edge 634 637 1
edge 634 644 1
edge 634 645 1
edge 634 675 1
edge 634 680 1
edge 634 702 1
edge 634 704 1
edge 634 721 1
edge 634 734 1
edge 634 739 1
edge 634 754 1
edge 634 804 1
edge 634 809 1
edge 634 828 1
edge 634 844 1
edge 634 858 1
edge 634 860 1
edge 634 861 1
edge 634 873 1
edge 634 883 1
edge 634 887 1
edge 634 895 1
edge 634 897 1
edge 634 913 1
edge 634 915 1
edge 634 938 1
edge 634 940 1
edge 634 964 1
edge 634 974 1
edge 634 976 1
edge 637 644 1
edge 637 645 1
edge 637 675 1
edge 637 680 1
edge 637 702 1
edge 637 704 1
edge 637 721 1
edge 637 734 1
edge 637 739 1
edge 637 754 1
edge 637 804 1
edge 637 809 1
edge 637 828 1
edge 637 844 1
edge 637 858 1
edge 637 860 1
edge 637 861 1
edge 637 873 1
edge 637 883 1
edge 637 887 1
edge 637 895 1
edge 637 897 1
edge 637 913 1
edge 637 915 1
edge 637 938 1
edge 637 940 1
edge 637 964 1
edge 637 974 1
edge 637 976 1
edge 644 645 1
edge 644 675 1
edge 644 680 1
edge 644 702 1
edge 644 704 1
edge 644 721 1
edge 644 734 1
edge 644 739 1
edge 644 754 1
edge 644 804 1
edge 644 809 1
edge 644 828 1
edge 644 844 1
edge 644 858 1
edge 644 860 1
edge 644 861 1
edge 644 873 1
edge 644 883 1
edge 644 887 1
edge 644 895 1
edge 644 897 1
edge 644 913 1
edge 644 915 1
edge 644 938 1
edge 644 940 1
edge 644 964 1
edge 644 974 1
edge 644 976 1
edge 645 675 1
edge 645 680 1
edge 645 702 1
edge 645 704 1
edge 645 721 1
edge 645 734 1
edge 645 739 1
edge 645 754 1
edge 645 804 1
edge 645 809 1
edge 645 828 1
edge 645 844 1
edge 645 858 1
edge 645 860 1
edge 645 861 1
edge 645 873 1
edge 645 883 1
edge 645 887 1
edge 645 895 1
edge 645 897 1
edge 645 913 1
edge 645 915 1
edge 645 938 1
edge 645 940 1
edge 645 964 1
edge 645 974 1
edge 645 976 1
edge 675 680 1
edge 675 702 1
edge 675 704 1
edge 675 721 1
edge 675 734 1
edge 675 739 1
edge 675 754 1
edge 675 804 1
edge 675 809 1
edge 675 828 1
edge 675 844 1
edge 675 858 1
edge 675 860 1
edge 675 861 1
edge 675 873 1
edge 675 883 1
edge 675 887 1
edge 675 895 1
edge 675 897 1
edge 675 913 1
edge 675 915 1
edge 675 938 1
edge 675 940 1
edge 675 964 1
edge 675 974 1
edge 675 976 1
edge 680 702 1
edge 680 704 1
edge 680 721 1
edge 680 734 1
edge 680 739 1
edge 680 754 1
edge 680 804 1
edge 680 809 1
edge 680 828 1
edge 680 844 1
edge 680 858 1
edge 680 860 1
edge 680 861 1
edge 680 873 1
edge 680 883 1
edge 680 887 1
edge 680 895 1
edge 680 897 1
edge 680 913 1
edge 680 915 1
edge 680 938 1
edge 680 940 1
edge 680 964 1
edge 680 974 1
edge 680 976 1
edge 702 704 1
edge 702 721 1
edge 702 734 1
edge 702 739 1
edge 702 754 1
edge 702 804 1
edge 702 809 1
edge 702 828 1
edge 702 844 1
edge 702 858 1
edge 702 860 1
edge 702 861 1
edge 702 873 1
edge 702 883 1
edge 702 887 1
edge 702 895 1
edge 702 897 1
edge 702 913 1
edge 702 915 1
edge 702 938 1
edge 702 940 1
edge 702 964 1
edge 702 974 1
edge 702 976 1
edge 704 721 1
edge 704 734 1
edge 704 739 1
edge 704 754 1
edge 704 804 1
edge 704 809 1
edge 704 828 1
edge 704 844 1
edge 704 858 1
edge 704 860 1
edge 704 861 1
edge 704 873 1
edge 704 883 1
edge 704 887 1
edge 704 895 1
edge 704 897 1
edge 704 913 1
edge 704 915 1
edge 704 938 1
edge 704 940 1
edge 704 964 1
edge 704 974 1
edge 704 976 1
edge 721 734 1
edge 721 739 1
edge 721 754 1
edge 721 804 1
edge 721 809 1
edge 721 828 1
edge 721 844 1
edge 721 858 1
edge 721 860 1
edge 721 861 1
edge 721 873 1
edge 721 883 1
edge 721 887 1
edge 721 895 1
edge 721 897 1
edge 721 913 1
edge 721 915 1
edge 721 938 1
edge 721 940 1
edge 721 964 1
edge 721 974 1
edge 721 976 1
edge 734 739 1
edge 734 754 1
edge 734 804 1
edge 734 809 1
edge 734 828 1
edge 734 844 1
edge 734 858 1
edge 734 860 1
edge 734 861 1
edge 734 873 1
edge 734 883 1
edge 734 887 1
edge 734 895 1
edge 734 897 1
edge 734 913 1
edge 734 915 1
edge 734 938 1
edge 734 940 1
edge 734 964 1
edge 734 974 1
edge 734 976 1
edge 739 754 1
edge 739 804 1
edge 739 809 1
edge 739 828 1
edge 739 844 1
edge 739 858 1
edge 739 860 1
edge 739 861 1
edge 739 873 1
edge 739 883 1
edge 739 887 1
edge 739 895 1
edge 739 897 1
edge 739 913 1
edge 739 915 1
edge 739 938 1
edge 739 940 1
edge 739 964 1
edge 739 974 1
edge 739 976 1
edge 754 804 1
edge 754 809 1
edge 754 828 1
edge 754 844 1
edge 754 858 1
edge 754 860 1
edge 754 861 1
edge 754 873 1
edge 754 883 1
edge 754 887 1
edge 754 895 1
edge 754 897 1
edge 754 913 1
edge 754 915 1
edge 754 938 1
edge 754 940 1
edge 754 964 1
edge 754 974 1
edge 754 976 1
edge 804 809 1
edge 804 828 1
edge 804 844 1
edge 804 858 1
edge 804 860 1
edge 804 861 1
edge 804 873 1
edge 804 883 1
edge 804 887 1
edge 804 895 1
edge 804 897 1
edge 804 913 1
edge 804 915 1
edge 804 938 1
edge 804 940 1
edge 804 964 1
edge 804 974 1
edge 804 976 1
edge 809 828 1
edge 809 844 1
edge 809 858 1
edge 809 860 1
edge 809 861 1
edge 809 873 1
edge 809 883 1
edge 809 887 1
edge 809 895 1
edge 809 897 1
edge 809 913 1
edge 809 915 1
edge 809 938 1
edge 809 940 1
edge 809 964 1
edge 809 974 1
edge 809 976 1
edge 828 844 1
edge 828 858 1
edge 828 860 1
edge 828 861 1
edge 828 873 1
edge 828 883 1
edge 828 887 1
edge 828 895 1
edge 828 897 1
edge 828 913 1
edge 828 915 1
edge 828 938 1
edge 828 940 1
edge 828 964 1
edge 828 974 1
edge 828 976 1
edge 844 858 1
edge 844 860 1
edge 844 861 1
edge 844 873 1
edge 844 883 1
edge 844 887 1
edge 844 895 1
edge 844 897 1
edge 844 913 1
edge 844 915 1
edge 844 938 1
edge 844 940 1
edge 844 964 1
edge 844 974 1
edge 844 976 1
edge 858 860 1
edge 858 861 1
edge 858 873 1
edge 858 883 1
edge 858 887 1
edge 858 895 1
edge 858 897 1
edge 858 913 1
edge 858 915 1
edge 858 938 1
edge 858 940 1
edge 858 964 1
edge 858 974 1
edge 858 976 1
edge 860 861 1
edge 860 873 1
edge 860 883 1
edge 860 887 1
edge 860 895 1
edge 860 897 1
edge 860 913 1
edge 860 915 1
edge 860 938 1
edge 860 940 1
edge 860 964 1
edge 860 974 1
edge 860 976 1
edge 861 873 1
edge 861 883 1
edge 861 887 1
edge 861 895 1
edge 861 897 1
edge 861 913 1
edge 861 915 1
edge 861 938 1
edge 861 940 1
edge 861 964 1
edge 861 974 1
edge 861 976 1
edge 873 883 1
edge 873 887 1
edge 873 895 1
edge 873 897 1
edge 873 913 1
edge 873 915 1
edge 873 938 1
edge 873 940 1
edge 873 964 1
edge 873 974 1
edge 873 976 1
edge 883 887 1
edge 883 895 1
edge 883 897 1
edge 883 913 1
edge 883 915 1
edge 883 938 1
edge 883 940 1
edge 883 964 1
edge 883 974 1
edge 883 976 1
edge 887 895 1
edge 887 897 1
edge 887 913 1
edge 887 915 1
edge 887 938 1
edge 887 940 1
edge 887 964 1
edge 887 974 1
edge 887 976 1
edge 895 897 1
edge 895 913 1
edge 895 915 1
edge 895 938 1
edge 895 940 1
edge 895 964 1
edge 895 974 1
edge 895 976 1
edge 897 913 1
edge 897 915 1
edge 897 938 1
edge 897 940 1
edge 897 964 1
edge 897 974 1
edge 897 976 1
edge 913 915 1
edge 913 938 1
edge 913 940 1
edge 913 964 1
edge 913 974 1
edge 913 976 1
edge 915 938 1
edge 915 940 1
edge 915 964 1
edge 915 974 1
edge 915 976 1
edge 938 940 1
edge 938 964 1
edge 938 974 1
edge 938 976 1
edge 940 964 1
edge 940 974 1
edge 940 976 1
edge 964 974 1
edge 964 976 1
edge 974 976 1
