# Nodes
node 1 0.015792807086280503
node 16 0.013677986045462052
node 66 0.04419006112954338
node 68 0.0449402434960362
node 76 0.03012602670603047
node 78 0.031377762175317736
node 83 0.04243582472120422
node 104 0.01145748636421906
node 107 0.020052890304599336
node 117 0.02218246899080989
node 132 0.02692120500933004
node 175 0.00466179458314564
node 194 0.0450768100853598
node 201 0.013144496687112928
node 224 0.0075047201477090875
node 227 0.049931852195329474
node 234 0.0018086497263791745
node 264 0.009160716183950667
node 293 0.004901278566923906
node 296 0.04431286101942056
node 301 0.023487369280188686
node 310 0.03626926985565859
node 366 0.023124756426316728
node 413 0.006883695940555379
node 474 0.04211082666143018
node 506 0.030087454932161806
node 521 0.002372891511639441
node 529 0.03706226358356157
node 547 0.005875968047183863
node 562 0.04270156032201755
node 583 0.0027005508854507365
node 593 0.027482637310466407
node 598 0.022428664588240554
node 605 0.02666318348760488
node 630 0.003656253999381409
node 631 0.030301702624801474
node 634 0.03660599501316042
node 644 0.0342118098014057
node 676 0.02295364307460368
node 700 0.048820011151171294
node 704 0.011657693327284613
node 719 0.02399452670576596
node 724 0.03314738308888406
node 783 0.04056193824719667
node 816 0.010058075296037416
node 828 0.03512364246085742
node 830 0.013187976753802011
node 841 0.044007510165451125
node 849 0.02295969517683337
node 856 0.017046708507992392
node 886 0.030596057448557312
node 924 0.005365870461830569
node 932 0.04713710527610748
node 948 0.04879989120395545
node 972 0.0213423649925224
node 997 0.01392309485345311
# Edges
edge 1 16 1
edge 1 66 1
edge 1 68 1
edge 1 76 1
edge 1 78 1
edge 1 83 1
edge 1 104 1
edge 1 107 1
edge 1 117 1
edge 1 132 1
edge 1 175 1
edge 1 194 1
edge 1 201 1
edge 1 224 1
edge 1 227 1
edge 1 234 1
edge 1 264 1
edge 1 293 1
edge 1 296 1
edge 1 301 1
edge 1 310 1
edge 1 366 1
edge 1 413 1
edge 1 474 1
edge 1 506 1
edge 1 521 1
edge 1 529 1
edge 1 547 1
edge 1 562 1
edge 1 583 1
edge 1 593 1
edge 1 598 1
edge 1 605 1
edge 1 630 1
edge 1 631 1
edge 1 634 1
edge 1 644 1
edge 1 676 1
edge 1 700 1
edge 1 704 1
edge 1 719 1
edge 1 724 1
edge 1 783 1
edge 1 816 1
edge 1 828 1
edge 1 830 1
edge 1 841 1
edge 1 849 1
edge 1 856 1
edge 1 886 1
edge 1 924 1
edge 1 932 1
edge 1 948 1
edge 1 972 1
edge 1 997 1
edge 16 66 1
edge 16 68 1
edge 16 76 1
edge 16 78 1
edge 16 83 1
edge 16 104 1
edge 16 107 1
edge 16 117 1
edge 16 132 1
edge 16 175 1
edge 16 194 1
edge 16 201 1
edge 16 224 1
edge 16 227 1
edge 16 234 1
edge 16 264 1
edge 16 293 1
edge 16 296 1
edge 16 301 1
edge 16 310 1
edge 16 366 1
edge 16 413 1
edge 16 474 1
edge 16 506 1
edge 16 521 1
edge 16 529 1
edge 16 547 1
edge 16 562 1
edge 16 583 1
edge 16 593 1
edge 16 598 1
edge 16 605 1
edge 16 630 1
edge 16 631 1
edge 16 634 1
edge 16 644 1
edge 16 676 1
edge 16 700 1
edge 16 704 1
edge 16 719 1
edge 16 724 1
edge 16 783 1
edge 16 816 1
edge 16 828 1
edge 16 830 1
edge 16 841 1
edge 16 849 1
edge 16 856 1
edge 16 886 1
edge 16 924 1
edge 16 932 1
edge 16 948 1
edge 16 972 1
edge 16 997 1
edge 66 68 1
edge 66 76 1
edge 66 78 1
edge 66 83 1
edge 66 104 1
edge 66 107 1
edge 66 117 1
edge 66 132 1
edge 66 175 1
edge 66 194 1
edge 66 201 1
edge 66 224 1
edge 66 227 1
edge 66 234 1
edge 66 264 1
edge 66 293 1
edge 66 296 1
edge 66 301 1
edge 66 310 1
edge 66 366 1
edge 66 413 1
edge 66 474 1
edge 66 506 1
edge 66 521 1
edge 66 529 1
edge 66 547 1
edge 66 562 1
edge 66 583 1
edge 66 593 1
edge 66 598 1
edge 66 605 1
edge 66 630 1
edge 66 631 1
edge 66 634 1
edge 66 644 1
edge 66 676 1
edge 66 700 1
edge 66 704 1
edge 66 719 1
edge 66 724 1
edge 66 783 1
edge 66 816 1
edge 66 828 1
edge 66 830 1
edge 66 841 1
edge 66 849 1
edge 66 856 1
edge 66 886 1
edge 66 924 1
edge 66 932 1
edge 66 948 1
edge 66 972 1
edge 66 997 1
edge 68 76 1
edge 68 78 1
edge 68 83 1
edge 68 104 1
edge 68 107 1
edge 68 117 1
edge 68 132 1
edge 68 175 1
edge 68 194 1
edge 68 201 1
edge 68 224 1
edge 68 227 1
edge 68 234 1
edge 68 264 1
edge 68 293 1
edge 68 296 1
edge 68 301 1
edge 68 310 1
edge 68 366 1
edge 68 413 1
edge 68 474 1
edge 68 506 1
edge 68 521 1
edge 68 529 1
edge 68 547 1
edge 68 562 1
edge 68 583 1
edge 68 593 1
edge 68 598 1
edge 68 605 1
edge 68 630 1
edge 68 631 1
edge 68 634 1
edge 68 644 1
edge 68 676 1
edge 68 700 1
edge 68 704 1
edge 68 719 1
edge 68 724 1
edge 68 783 1
edge 68 816 1
edge 68 828 1
edge 68 830 1
edge 68 841 1
edge 68 849 1
edge 68 856 1
edge 68 886 1
edge 68 924 1
edge 68 932 1
edge 68 948 1
edge 68 972 1
edge 68 997 1
edge 76 78 1
edge 76 83 1
edge 76 104 1
edge 76 107 1
edge 76 117 1
edge 76 132 1
edge 76 175 1
edge 76 194 1
edge 76 201 1
edge 76 224 1
edge 76 227 1
edge 76 234 1
edge 76 264 1
edge 76 293 1
edge 76 296 1
edge 76 301 1
edge 76 310 1
edge 76 366 1
edge 76 413 1
edge 76 474 1
edge 76 506 1
edge 76 521 1
edge 76 529 1
edge 76 547 1
edge 76 562 1
edge 76 583 1
edge 76 593 1
edge 76 598 1
edge 76 605 1
edge 76 630 1
edge 76 631 1
edge 76 634 1
edge 76 644 1
edge 76 676 1
edge 76 700 1
edge 76 704 1
edge 76 719 1
edge 76 724 1
edge 76 783 1
edge 76 816 1
edge 76 828 1
edge 76 830 1
edge 76 841 1
edge 76 849 1
edge 76 856 1
edge 76 886 1
edge 76 924 1
edge 76 932 1
edge 76 948 1
edge 76 972 1
edge 76 997 1
edge 78 83 1
edge 78 104 1
edge 78 107 1
edge 78 117 1
edge 78 132 1
edge 78 175 1
edge 78 194 1
edge 78 201 1
edge 78 224 1
edge 78 227 1
edge 78 234 1
edge 78 264 1
edge 78 293 1
edge 78 296 1
edge 78 301 1
edge 78 310 1
edge 78 366 1
edge 78 413 1
edge 78 474 1
edge 78 506 1
edge 78 521 1
edge 78 529 1
edge 78 547 1
edge 78 562 1
edge 78 583 1
edge 78 593 1
edge 78 598 1
edge 78 605 1
edge 78 630 1
edge 78 631 1
edge 78 634 1
edge 78 644 1
edge 78 676 1
edge 78 700 1
edge 78 704 1
edge 78 719 1
edge 78 724 1
edge 78 783 1
edge 78 816 1
edge 78 828 1
edge 78 830 1
edge 78 841 1
edge 78 849 1
edge 78 856 1
edge 78 886 1
edge 78 924 1
edge 78 932 1
edge 78 948 1
edge 78 972 1
edge 78 997 1
edge 83 104 1
edge 83 107 1
edge 83 117 1
edge 83 132 1
edge 83 175 1
edge 83 194 1
edge 83 201 1
edge 83 224 1
edge 83 227 1
edge 83 234 1
edge 83 264 1
edge 83 293 1
edge 83 296 1
edge 83 301 1
edge 83 310 1
edge 83 366 1
edge 83 413 1
edge 83 474 1
edge 83 506 1
edge 83 521 1
edge 83 529 1
edge 83 547 1
edge 83 562 1
edge 83 583 1
edge 83 593 1
edge 83 598 1
edge 83 605 1
edge 83 630 1
edge 83 631 1
edge 83 634 1
edge 83 644 1
edge 83 676 1
edge 83 700 1
edge 83 704 1
edge 83 719 1
edge 83 724 1
edge 83 783 1
edge 83 816 1
edge 83 828 1
edge 83 830 1
edge 83 841 1
edge 83 849 1
edge 83 856 1
edge 83 886 1
edge 83 924 1
edge 83 932 1
edge 83 948 1
edge 83 972 1
edge 83 997 1
edge 104 107 1
edge 104 117 1
edge 104 132 1
edge 104 175 1
edge 104 194 1
edge 104 201 1
edge 104 224 1
edge 104 227 1
edge 104 234 1
edge 104 264 1
edge 104 293 1
edge 104 296 1
edge 104 301 1
edge 104 310 1
edge 104 366 1
edge 104 413 1
edge 104 474 1
edge 104 506 1
edge 104 521 1
edge 104 529 1
edge 104 547 1
edge 104 562 1
edge 104 583 1
edge 104 593 1
edge 104 598 1
edge 104 605 1
edge 104 630 1
edge 104 631 1
edge 104 634 1
edge 104 644 1
edge 104 676 1
edge 104 700 1
edge 104 704 1
edge 104 719 1
edge 104 724 1
edge 104 783 1
edge 104 816 1
edge 104 828 1
edge 104 830 1
edge 104 841 1
edge 104 849 1
edge 104 856 1
edge 104 886 1
edge 104 924 1
edge 104 932 1
edge 104 948 1
edge 104 972 1
edge 104 997 1
edge 107 117 1
edge 107 132 1
edge 107 175 1
edge 107 194 1
edge 107 201 1
edge 107 224 1
edge 107 227 1
edge 107 234 1
edge 107 264 1
edge 107 293 1
edge 107 296 1
edge 107 301 1
edge 107 310 1
edge 107 366 1
edge 107 413 1
edge 107 474 1
edge 107 506 1
edge 107 521 1
edge 107 529 1
edge 107 547 1
edge 107 562 1
edge 107 583 1
edge 107 593 1
edge 107 598 1
edge 107 605 1
edge 107 630 1
edge 107 631 1
edge 107 634 1
edge 107 644 1
edge 107 676 1
edge 107 700 1
edge 107 704 1
edge 107 719 1
edge 107 724 1
edge 107 783 1
edge 107 816 1
edge 107 828 1
edge 107 830 1
edge 107 841 1
edge 107 849 1
edge 107 856 1
edge 107 886 1
edge 107 924 1
edge 107 932 1
edge 107 948 1
edge 107 972 1
edge 107 997 1
edge 117 132 1
edge 117 175 1
edge 117 194 1
edge 117 201 1
edge 117 224 1
edge 117 227 1
edge 117 234 1
edge 117 264 1
edge 117 293 1
edge 117 296 1
edge 117 301 1
edge 117 310 1
edge 117 366 1
edge 117 413 1
edge 117 474 1
edge 117 506 1
edge 117 521 1
edge 117 529 1
edge 117 547 1
edge 117 562 1
edge 117 583 1
edge 117 593 1
edge 117 598 1
edge 117 605 1
edge 117 630 1
edge 117 631 1
edge 117 634 1
edge 117 644 1
edge 117 676 1
edge 117 700 1
edge 117 704 1
edge 117 719 1
edge 117 724 1
edge 117 783 1
edge 117 816 1
edge 117 828 1
edge 117 830 1
edge 117 841 1
edge 117 849 1
edge 117 856 1
edge 117 886 1
edge 117 924 1
edge 117 932 1
edge 117 948 1
edge 117 972 1
edge 117 997 1
edge 132 175 1
edge 132 194 1
edge 132 201 1
edge 132 224 1
edge 132 227 1
edge 132 234 1
edge 132 264 1
edge 132 293 1
edge 132 296 1
edge 132 301 1
edge 132 310 1
edge 132 366 1
edge 132 413 1
edge 132 474 1
edge 132 506 1
edge 132 521 1
edge 132 529 1
edge 132 547 1
edge 132 562 1
edge 132 583 1
edge 132 593 1
edge 132 598 1
edge 132 605 1
edge 132 630 1
edge 132 631 1
edge 132 634 1
edge 132 644 1
edge 132 676 1
edge 132 700 1
edge 132 704 1
edge 132 719 1
edge 132 724 1
edge 132 783 1
edge 132 816 1
edge 132 828 1
edge 132 830 1
edge 132 841 1
edge 132 849 1
edge 132 856 1
edge 132 886 1
edge 132 924 1
edge 132 932 1
edge 132 948 1
edge 132 972 1
edge 132 997 1
edge 175 194 1
edge 175 201 1
edge 175 224 1
edge 175 227 1
edge 175 234 1
edge 175 264 1
edge 175 293 1
edge 175 296 1
edge 175 301 1
edge 175 310 1
edge 175 366 1
edge 175 413 1
edge 175 474 1
edge 175 506 1
edge 175 521 1
edge 175 529 1
edge 175 547 1
edge 175 562 1
edge 175 583 1
edge 175 593 1
edge 175 598 1
edge 175 605 1
edge 175 630 1
edge 175 631 1
edge 175 634 1
edge 175 644 1
edge 175 676 1
edge 175 700 1
edge 175 704 1
edge 175 719 1
edge 175 724 1
edge 175 783 1
edge 175 816 1
edge 175 828 1
edge 175 830 1
edge 175 841 1
edge 175 849 1
edge 175 856 1
edge 175 886 1
edge 175 924 1
edge 175 932 1
edge 175 948 1
edge 175 972 1
edge 175 997 1
edge 194 201 1
edge 194 224 1
edge 194 227 1
edge 194 234 1
edge 194 264 1
edge 194 293 1
edge 194 296 1
edge 194 301 1
edge 194 310 1
edge 194 366 1
edge 194 413 1
edge 194 474 1
edge 194 506 1
edge 194 521 1
edge 194 529 1
edge 194 547 1
edge 194 562 1
edge 194 583 1
edge 194 593 1
edge 194 598 1
edge 194 605 1
edge 194 630 1
edge 194 631 1
edge 194 634 1
edge 194 644 1
edge 194 676 1
edge 194 700 1
edge 194 704 1
edge 194 719 1
edge 194 724 1
edge 194 783 1
edge 194 816 1
edge 194 828 1
edge 194 830 1
edge 194 841 1
edge 194 849 1
edge 194 856 1
edge 194 886 1
edge 194 924 1
edge 194 932 1
edge 194 948 1
edge 194 972 1
edge 194 997 1
edge 201 224 1
edge 201 227 1
edge 201 234 1
edge 201 264 1
edge 201 293 1
edge 201 296 1
edge 201 301 1
edge 201 310 1
edge 201 366 1
edge 201 413 1
edge 201 474 1
edge 201 506 1
edge 201 521 1
edge 201 529 1
edge 201 547 1
edge 201 562 1
edge 201 583 1
edge 201 593 1
edge 201 598 1
edge 201 605 1
edge 201 630 1
edge 201 631 1
edge 201 634 1
edge 201 644 1
edge 201 676 1
edge 201 700 1
edge 201 704 1
edge 201 719 1
edge 201 724 1
edge 201 783 1
edge 201 816 1
edge 201 828 1
edge 201 830 1
edge 201 841 1
edge 201 849 1
edge 201 856 1
edge 201 886 1
edge 201 924 1
edge 201 932 1
edge 201 948 1
edge 201 972 1
edge 201 997 1
edge 224 227 1
edge 224 234 1
edge 224 264 1
edge 224 293 1
edge 224 296 1
edge 224 301 1
edge 224 310 1
edge 224 366 1
edge 224 413 1
edge 224 474 1
edge 224 506 1
edge 224 521 1
edge 224 529 1
edge 224 547 1
edge 224 562 1
edge 224 583 1
edge 224 593 1
edge 224 598 1
edge 224 605 1
edge 224 630 1
edge 224 631 1
edge 224 634 1
edge 224 644 1
edge 224 676 1
edge 224 700 1
edge 224 704 1
edge 224 719 1
edge 224 724 1
edge 224 783 1
edge 224 816 1
edge 224 828 1
edge 224 830 1
edge 224 841 1
edge 224 849 1
edge 224 856 1
edge 224 886 1
edge 224 924 1
edge 224 932 1
edge 224 948 1
edge 224 972 1
edge 224 997 1
edge 227 234 1
edge 227 264 1
edge 227 293 1
edge 227 296 1
edge 227 301 1
edge 227 310 1
edge 227 366 1
edge 227 413 1
edge 227 474 1
edge 227 506 1
edge 227 521 1
edge 227 529 1
edge 227 547 1
edge 227 562 1
edge 227 583 1
edge 227 593 1
edge 227 598 1
edge 227 605 1
edge 227 630 1
edge 227 631 1
edge 227 634 1
edge 227 644 1
edge 227 676 1
edge 227 700 1
edge 227 704 1
edge 227 719 1
edge 227 724 1
edge 227 783 1
edge 227 816 1
edge 227 828 1
edge 227 830 1
edge 227 841 1
edge 227 849 1
edge 227 856 1
edge 227 886 1
edge 227 924 1
edge 227 932 1
edge 227 948 1
edge 227 972 1
edge 227 997 1
edge 234 264 1
edge 234 293 1
edge 234 296 1
edge 234 301 1
edge 234 310 1
edge 234 366 1
edge 234 413 1
edge 234 474 1
edge 234 506 1
edge 234 521 1
edge 234 529 1
edge 234 547 1
edge 234 562 1
edge 234 583 1
edge 234 593 1
edge 234 598 1
edge 234 605 1
edge 234 630 1
edge 234 631 1
edge 234 634 1
edge 234 644 1
edge 234 676 1
edge 234 700 1
edge 234 704 1
edge 234 719 1
edge 234 724 1
edge 234 783 1
edge 234 816 1
edge 234 828 1
edge 234 830 1
edge 234 841 1
edge 234 849 1
edge 234 856 1
edge 234 886 1
edge 234 924 1
edge 234 932 1
edge 234 948 1
edge 234 972 1
edge 234 997 1
edge 264 293 1
edge 264 296 1
edge 264 301 1
edge 264 310 1
edge 264 366 1
edge 264 413 1
edge 264 474 1
edge 264 506 1
edge 264 521 1
edge 264 529 1
edge 264 547 1
edge 264 562 1
edge 264 583 1
edge 264 593 1
edge 264 598 1
edge 264 605 1
edge 264 630 1
edge 264 631 1
edge 264 634 1
edge 264 644 1
edge 264 676 1
edge 264 700 1
edge 264 704 1
edge 264 719 1
edge 264 724 1
edge 264 783 1
edge 264 816 1
edge 264 828 1
edge 264 830 1
edge 264 841 1
edge 264 849 1
edge 264 856 1
edge 264 886 1
edge 264 924 1
edge 264 932 1
edge 264 948 1
edge 264 972 1
edge 264 997 1
edge 293 296 1
edge 293 301 1
edge 293 310 1
edge 293 366 1
edge 293 413 1
edge 293 474 1
edge 293 506 1
edge 293 521 1
edge 293 529 1
edge 293 547 1
edge 293 562 1
edge 293 583 1
edge 293 593 1
edge 293 598 1
edge 293 605 1
edge 293 630 1
edge 293 631 1
edge 293 634 1
edge 293 644 1
edge 293 676 1
edge 293 700 1
edge 293 704 1
edge 293 719 1
edge 293 724 1
edge 293 783 1
edge 293 816 1
edge 293 828 1
edge 293 830 1
edge 293 841 1
edge 293 849 1
edge 293 856 1
edge 293 886 1
edge 293 924 1
edge 293 932 1
edge 293 948 1
edge 293 972 1
edge 293 997 1
edge 296 301 1
edge 296 310 1
edge 296 366 1
edge 296 413 1
edge 296 474 1
edge 296 506 1
edge 296 521 1
edge 296 529 1
edge 296 547 1
edge 296 562 1
edge 296 583 1
edge 296 593 1
edge 296 598 1
edge 296 605 1
edge 296 630 1
edge 296 631 1
edge 296 634 1
edge 296 644 1
edge 296 676 1
edge 296 700 1
edge 296 704 1
edge 296 719 1
edge 296 724 1
edge 296 783 1
edge 296 816 1
edge 296 828 1
edge 296 830 1
edge 296 841 1
edge 296 849 1
edge 296 856 1
edge 296 886 1
edge 296 924 1
edge 296 932 1
edge 296 948 1
edge 296 972 1
edge 296 997 1
edge 301 310 1
edge 301 366 1
edge 301 413 1
edge 301 474 1
edge 301 506 1
edge 301 521 1
edge 301 529 1
edge 301 547 1
edge 301 562 1
edge 301 583 1
edge 301 593 1
edge 301 598 1
edge 301 605 1
edge 301 630 1
edge 301 631 1
edge 301 634 1
edge 301 644 1
edge 301 676 1
edge 301 700 1
edge 301 704 1
edge 301 719 1
edge 301 724 1
edge 301 783 1
edge 301 816 1
edge 301 828 1
edge 301 830 1
edge 301 841 1
edge 301 849 1
edge 301 856 1
edge 301 886 1
edge 301 924 1
edge 301 932 1
edge 301 948 1
edge 301 972 1
edge 301 997 1
edge 310 366 1
edge 310 413 1
edge 310 474 1
edge 310 506 1
edge 310 521 1
edge 310 529 1
edge 310 547 1
edge 310 562 1
edge 310 583 1
edge 310 593 1
edge 310 598 1
edge 310 605 1
edge 310 630 1
edge 310 631 1
edge 310 634 1
edge 310 644 1
edge 310 676 1
edge 310 700 1
edge 310 704 1
edge 310 719 1
edge 310 724 1
edge 310 783 1
edge 310 816 1
edge 310 828 1
edge 310 830 1
edge 310 841 1
edge 310 849 1
edge 310 856 1
edge 310 886 1
edge 310 924 1
edge 310 932 1
edge 310 948 1
edge 310 972 1
edge 310 997 1
edge 366 413 1
edge 366 474 1
edge 366 506 1
edge 366 521 1
edge 366 529 1
edge 366 547 1
edge 366 562 1
edge 366 583 1
edge 366 593 1
edge 366 598 1
edge 366 605 1
edge 366 630 1
edge 366 631 1
edge 366 634 1
edge 366 644 1
edge 366 676 1
edge 366 700 1
edge 366 704 1
edge 366 719 1
edge 366 724 1
edge 366 783 1
edge 366 816 1
edge 366 828 1
edge 366 830 1
edge 366 841 1
edge 366 849 1
edge 366 856 1
edge 366 886 1
edge 366 924 1
edge 366 932 1
edge 366 948 1
edge 366 972 1
edge 366 997 1
edge 413 474 1
edge 413 506 1
edge 413 521 1
edge 413 529 1
edge 413 547 1
edge 413 562 1
edge 413 583 1
edge 413 593 1
edge 413 598 1
edge 413 605 1
edge 413 630 1
edge 413 631 1
edge 413 634 1
edge 413 644 1
edge 413 676 1
edge 413 700 1
edge 413 704 1
edge 413 719 1
edge 413 724 1
edge 413 783 1
edge 413 816 1
edge 413 828 1
edge 413 830 1
edge 413 841 1
edge 413 849 1
edge 413 856 1
edge 413 886 1
edge 413 924 1
edge 413 932 1
edge 413 948 1
edge 413 972 1
edge 413 997 1
edge 474 506 1
edge 474 521 1
edge 474 529 1
edge 474 547 1
edge 474 562 1
edge 474 583 1
edge 474 593 1
edge 474 598 1
edge 474 605 1
edge 474 630 1
edge 474 631 1
edge 474 634 1
edge 474 644 1
edge 474 676 1
edge 474 700 1
edge 474 704 1
edge 474 719 1
edge 474 724 1
edge 474 783 1
edge 474 816 1
edge 474 828 1
edge 474 830 1
edge 474 841 1
edge 474 849 1
edge 474 856 1
edge 474 886 1
edge 474 924 1
edge 474 932 1
edge 474 948 1
edge 474 972 1
edge 474 997 1
edge 506 521 1
edge 506 529 1
edge 506 547 1
edge 506 562 1
edge 506 583 1
edge 506 593 1
edge 506 598 1
edge 506 605 1
edge 506 630 1
edge 506 631 1
edge 506 634 1
edge 506 644 1
edge 506 676 1
edge 506 700 1
edge 506 704 1
edge 506 719 1
edge 506 724 1
edge 506 783 1
edge 506 816 1
edge 506 828 1
edge 506 830 1
edge 506 841 1
edge 506 849 1
edge 506 856 1
edge 506 886 1
edge 506 924 1
edge 506 932 1
edge 506 948 1
edge 506 972 1
edge 506 997 1
edge 521 529 1
edge 521 547 1
edge 521 562 1
edge 521 583 1
edge 521 593 1
edge 521 598 1
edge 521 605 1
edge 521 630 1
edge 521 631 1
edge 521 634 1
edge 521 644 1
edge 521 676 1
edge 521 700 1
edge 521 704 1
edge 521 719 1
edge 521 724 1
edge 521 783 1
edge 521 816 1
edge 521 828 1
edge 521 830 1
edge 521 841 1
edge 521 849 1
edge 521 856 1
edge 521 886 1
edge 521 924 1
edge 521 932 1
edge 521 948 1
edge 521 972 1
edge 521 997 1
edge 529 547 1
edge 529 562 1
edge 529 583 1
edge 529 593 1
edge 529 598 1
edge 529 605 1
edge 529 630 1
edge 529 631 1
edge 529 634 1
edge 529 644 1
edge 529 676 1
edge 529 700 1
edge 529 704 1
edge 529 719 1
edge 529 724 1
edge 529 783 1
edge 529 816 1
edge 529 828 1
edge 529 830 1
edge 529 841 1
edge 529 849 1
edge 529 856 1
edge 529 886 1
edge 529 924 1
edge 529 932 1
edge 529 948 1
edge 529 972 1
edge 529 997 1
edge 547 562 1
edge 547 583 1
edge 547 593 1
edge 547 598 1
edge 547 605 1
edge 547 630 1
edge 547 631 1
edge 547 634 1
edge 547 644 1
edge 547 676 1
edge 547 700 1
edge 547 704 1
edge 547 719 1
edge 547 724 1
edge 547 783 1
edge 547 816 1
edge 547 828 1
edge 547 830 1
edge 547 841 1
edge 547 849 1
edge 547 856 1
edge 547 886 1
edge 547 924 1
edge 547 932 1
edge 547 948 1
edge 547 972 1
edge 547 997 1
edge 562 583 1
edge 562 593 1
edge 562 598 1
edge 562 605 1
edge 562 630 1
edge 562 631 1
edge 562 634 1
edge 562 644 1
edge 562 676 1
edge 562 700 1
edge 562 704 1
edge 562 719 1
edge 562 724 1
edge 562 783 1
edge 562 816 1
edge 562 828 1
edge 562 830 1
edge 562 841 1
edge 562 849 1
edge 562 856 1
edge 562 886 1
edge 562 924 1
edge 562 932 1
edge 562 948 1
edge 562 972 1
edge 562 997 1
edge 583 593 1
edge 583 598 1
edge 583 605 1
edge 583 630 1
edge 583 631 1
edge 583 634 1
edge 583 644 1
edge 583 676 1
edge 583 700 1
edge 583 704 1
edge 583 719 1
edge 583 724 1
edge 583 783 1
edge 583 816 1
edge 583 828 1
edge 583 830 1
edge 583 841 1
edge 583 849 1
edge 583 856 1
edge 583 886 1
edge 583 924 1
edge 583 932 1
edge 583 948 1
edge 583 972 1
edge 583 997 1
edge 593 598 1
edge 593 605 1
edge 593 630 1
edge 593 631 1
edge 593 634 1
edge 593 644 1
edge 593 676 1
edge 593 700 1
edge 593 704 1
edge 593 719 1
edge 593 724 1
edge 593 783 1
edge 593 816 1
edge 593 828 1
edge 593 830 1
edge 593 841 1
edge 593 849 1
edge 593 856 1
edge 593 886 1
edge 593 924 1
edge 593 932 1
edge 593 948 1
edge 593 972 1
edge 593 997 1
edge 598 605 1
edge 598 630 1
edge 598 631 1
edge 598 634 1
edge 598 644 1
edge 598 676 1
edge 598 700 1
edge 598 704 1
edge 598 719 1
edge 598 724 1
edge 598 783 1
edge 598 816 1
edge 598 828 1
edge 598 830 1
edge 598 841 1
edge 598 849 1
edge 598 856 1
edge 598 886 1
edge 598 924 1
edge 598 932 1
edge 598 948 1
edge 598 972 1
edge 598 997 1
edge 605 630 1
edge 605 631 1
edge 605 634 1
edge 605 644 1
edge 605 676 1
edge 605 700 1
edge 605 704 1
edge 605 719 1
edge 605 724 1
edge 605 783 1
edge 605 816 1
edge 605 828 1
edge 605 830 1
edge 605 841 1
edge 605 849 1
edge 605 856 1
edge 605 886 1
edge 605 924 1
edge 605 932 1
edge 605 948 1
edge 605 972 1
edge 605 997 1
edge 630 631 1
edge 630 634 1
edge 630 644 1
edge 630 676 1
edge 630 700 1
edge 630 704 1
edge 630 719 1
edge 630 724 1
edge 630 783 1
edge 630 816 1
edge 630 828 1
edge 630 830 1
edge 630 841 1
edge 630 849 1
edge 630 856 1
edge 630 886 1
edge 630 924 1
edge 630 932 1
edge 630 948 1
edge 630 972 1
edge 630 997 1
edge 631 634 1
edge 631 644 1
edge 631 676 1
edge 631 700 1
edge 631 704 1
edge 631 719 1
edge 631 724 1
edge 631 783 1
edge 631 816 1
edge 631 828 1
edge 631 830 1
edge 631 841 1
edge 631 849 1
edge 631 856 1
edge 631 886 1
edge 631 924 1
edge 631 932 1
edge 631 948 1
edge 631 972 1
edge 631 997 1
edge 634 644 1
edge 634 676 1
edge 634 700 1
edge 634 704 1
edge 634 719 1
edge 634 724 1
edge 634 783 1
edge 634 816 1
edge 634 828 1
edge 634 830 1
edge 634 841 1
edge 634 849 1
edge 634 856 1
edge 634 886 1
edge 634 924 1
edge 634 932 1
edge 634 948 1
edge 634 972 1
edge 634 997 1
edge 644 676 1
edge 644 700 1
edge 644 704 1
edge 644 719 1
edge 644 724 1
edge 644 783 1
edge 644 816 1
edge 644 828 1
edge 644 830 1
edge 644 841 1
edge 644 849 1
edge 644 856 1
edge 644 886 1
edge 644 924 1
edge 644 932 1
edge 644 948 1
edge 644 972 1
edge 644 997 1
edge 676 700 1
edge 676 704 1
edge 676 719 1
edge 676 724 1
edge 676 783 1
edge 676 816 1
edge 676 828 1
edge 676 830 1
edge 676 841 1
edge 676 849 1
edge 676 856 1
edge 676 886 1
edge 676 924 1
edge 676 932 1
edge 676 948 1
edge 676 972 1
edge 676 997 1
edge 700 704 1
edge 700 719 1
edge 700 724 1
edge 700 783 1
edge 700 816 1
edge 700 828 1
edge 700 830 1
edge 700 841 1
edge 700 849 1
edge 700 856 1
edge 700 886 1
edge 700 924 1
edge 700 932 1
edge 700 948 1
edge 700 972 1
edge 700 997 1
edge 704 719 1
edge 704 724 1
edge 704 783 1
edge 704 816 1
edge 704 828 1
edge 704 830 1
edge 704 841 1
edge 704 849 1
edge 704 856 1
edge 704 886 1
edge 704 924 1
edge 704 932 1
edge 704 948 1
edge 704 972 1
edge 704 997 1
edge 719 724 1
edge 719 783 1
edge 719 816 1
edge 719 828 1
edge 719 830 1
edge 719 841 1
edge 719 849 1
edge 719 856 1
edge 719 886 1
edge 719 924 1
edge 719 932 1
edge 719 948 1
edge 719 972 1
edge 719 997 1
edge 724 783 1
edge 724 816 1
edge 724 828 1
edge 724 830 1
edge 724 841 1
edge 724 849 1
edge 724 856 1
edge 724 886 1
edge 724 924 1
edge 724 932 1
edge 724 948 1
edge 724 972 1
edge 724 997 1
edge 783 816 1
edge 783 828 1
edge 783 830 1
edge 783 841 1
edge 783 849 1
edge 783 856 1
edge 783 886 1
edge 783 924 1
edge 783 932 1
edge 783 948 1
edge 783 972 1
edge 783 997 1
edge 816 828 1
edge 816 830 1
edge 816 841 1
edge 816 849 1
edge 816 856 1
edge 816 886 1
edge 816 924 1
edge 816 932 1
edge 816 948 1
edge 816 972 1
edge 816 997 1
edge 828 830 1
edge 828 841 1
edge 828 849 1
edge 828 856 1
edge 828 886 1
edge 828 924 1
edge 828 932 1
edge 828 948 1
edge 828 972 1
edge 828 997 1
edge 830 841 1
edge 830 849 1
edge 830 856 1
edge 830 886 1
edge 830 924 1
edge 830 932 1
edge 830 948 1
edge 830 972 1
edge 830 997 1
edge 841 849 1
edge 841 856 1
edge 841 886 1
edge 841 924 1
edge 841 932 1
edge 841 948 1
edge 841 972 1
edge 841 997 1
edge 849 856 1
edge 849 886 1
edge 849 924 1
edge 849 932 1
edge 849 948 1
edge 849 972 1
edge 849 997 1
edge 856 886 1
edge 856 924 1
edge 856 932 1
edge 856 948 1
edge 856 972 1
edge 856 997 1
edge 886 924 1
edge 886 932 1
edge 886 948 1
edge 886 972 1
edge 886 997 1
edge 924 932 1
edge 924 948 1
edge 924 972 1
edge 924 997 1
edge 932 948 1
edge 932 972 1
edge 932 997 1
edge 948 972 1
edge 948 997 1
edge 972 997 1
